train_epoch:3000   lr:0.01   npt:1  cpdr:0.3
0.723  0.65  0.741  0.667  0.723  0.717  0.761  0.75  0.732  0.655  

train_epoch:4000   lr:0.01   npt:1  cpdr:0.3
0.85  0.752  0.75  0.741  0.761  0.755  0.720  0.747  0.764  0.826  

train_epoch:5000   lr:0.01   npt:1  cpdr:0.3
0.741  0.7  0.785  0.747  0.676  0.714  0.747  0.729  0.691  0.732  

train_epoch:3000   lr:0.01   npt:1  cpdr:0.6
0.726  0.682  0.761  0.679  0.655  0.717  0.685  0.705  0.747  0.691  

train_epoch:4000   lr:0.01   npt:1  cpdr:0.6
0.655  0.670  0.644  0.732  0.702  0.670  0.723  0.723  0.691  0.758  

train_epoch:5000   lr:0.01   npt:1  cpdr:0.6
0.685  0.697  0.697  0.755  0.729  0.732  0.655  0.791  0.729  0.776  

train_epoch:3000   lr:0.01   npt:2  cpdr:0.3
0.752  0.685  0.767  0.735  0.747  0.738  0.788  0.729  0.735  0.752  

train_epoch:4000   lr:0.01   npt:2  cpdr:0.3
0.708  0.652  0.735  0.729  0.761  0.735  0.758  0.697  0.697  0.705  

train_epoch:5000   lr:0.01   npt:2  cpdr:0.3
0.726  0.726  0.755  0.691  0.714  0.65  0.679  0.661  0.661  0.676  

train_epoch:3000   lr:0.01   npt:2  cpdr:0.6
0.685  0.676  0.670  0.661  0.682  0.635  0.688  0.644  0.682  0.667  

train_epoch:4000   lr:0.01   npt:1  cpdr:0.6
0.65  0.670  0.664  0.647  0.682  0.691  0.717  0.744  0.711  0.691  

train_epoch:5000   lr:0.01   npt:2  cpdr:0.6
0.744  0.773  0.688  0.576  0.755  0.632  0.705  0.697  0.661  0.652  

train_epoch:3000   lr:0.01   npt:3  cpdr:0.3
0.682  0.664  0.629  0.744  0.714  0.644  0.779  0.685  0.708  0.752  

train_epoch:5000   lr:0.01   npt:3  cpdr:0.3
0.75  0.705  0.802  0.717  0.729  0.664  0.685  0.758  0.708  0.723  

train_epoch:4000   lr:0.01   npt:2  cpdr:0.6
0.755  0.611  0.644  0.617  0.676  0.644  0.691  0.747  0.702  0.705  

train_epoch:3000   lr:0.01   npt:3  cpdr:0.6
0.617  0.679  0.532  0.620  0.632  0.605  0.635  0.708  0.670  0.585  

train_epoch:4000   lr:0.01   npt:3  cpdr:0.3
0.691  0.670  0.611  0.7  0.688  0.711  0.75  0.7  0.652  0.717  

train_epoch:5000   lr:0.01   npt:3  cpdr:0.6
0.679  0.623  0.611  0.541  0.641  0.641  0.561  0.720  0.720  0.682  

train_epoch:4000   lr:0.01   npt:3  cpdr:0.6
0.617  0.641  0.65  0.670  0.676  0.661  0.658  0.579  0.635  0.608  

train_epoch:8000   lr:0.01   npt:1  cpdr:0.3
0.738  0.697  0.767  0.7  0.817  0.779  0.758  0.747  0.826  0.767  

train_epoch:9000   lr:0.01   npt:1  cpdr:0.3
0.732  0.679  0.744  0.770  0.744  0.741  0.752  0.679  0.755  0.738  

train_epoch:10000   lr:0.01   npt:1  cpdr:0.3
0.782  0.720  0.688  0.729  0.752  0.761  0.741  0.685  0.741  0.75  

train_epoch:7500   lr:0.01   npt:1  cpdr:0.6
0.761  0.75  0.738  0.658  0.726  0.755  0.761  0.741  0.702  0.732  

train_epoch:8000   lr:0.01   npt:1  cpdr:0.6
0.741  0.720  0.65  0.694  0.779  0.670  0.729  0.711  0.708  0.811  

train_epoch:8000   lr:0.01   npt:2  cpdr:0.3
0.729  0.764  0.797  0.741  0.714  0.764  0.767  0.747  0.755  0.8  

train_epoch:7500   lr:0.01   npt:2  cpdr:0.3
0.714  0.720  0.785  0.644  0.723  0.708  0.755  0.705  0.720  0.694  

train_epoch:7500   lr:0.01   npt:2  cpdr:0.6
0.626  0.732  0.635  0.670  0.694  0.623  0.755  0.655  0.679  0.702  

train_epoch:8000   lr:0.01   npt:2  cpdr:0.6
0.688  0.7  0.697  0.720  0.755  0.682  0.673  0.664  0.667  0.755  

train_epoch:7500   lr:0.01   npt:3  cpdr:0.3
0.761  0.688  0.767  0.685  0.735  0.732  0.726  0.65  0.685  0.729  

train_epoch:8000   lr:0.01   npt:3  cpdr:0.3
0.814  0.732  0.7  0.732  0.735  0.723  0.655  0.670  0.647  0.679  

train_epoch:8500   lr:0.01   npt:3  cpdr:0.3
0.676  0.7  0.676  0.785  0.705  0.688  0.7  0.714  0.697  0.655  

train_epoch:7500   lr:0.01   npt:3  cpdr:0.6
0.655  0.638  0.638  0.635  0.641  0.682  0.652  0.655  0.602  0.605  

train_epoch:8000   lr:0.01   npt:3  cpdr:0.6
0.629  0.702  0.661  0.635  0.611  0.608  0.694  0.55  0.673  0.626  

train_epoch:8500   lr:0.01   npt:3  cpdr:0.6
0.632  0.682  0.597  0.585  0.676  0.579  0.594  0.679  0.705  0.688  

