train_epoch:3000   lr:0.01   npt:1  cpdr:0.3
0.788  0.870  0.835  0.885  0.835  0.867  0.847  0.808  0.911  0.844  

train_epoch:4000   lr:0.01   npt:1  cpdr:0.3
0.814  0.838  0.882  0.9  0.802  0.847  0.879  0.820  0.9  0.870  

train_epoch:5000   lr:0.01   npt:1  cpdr:0.3
0.876  0.897  0.870  0.852  0.864  0.838  0.832  0.897  0.902  0.879  

train_epoch:3000   lr:0.01   npt:1  cpdr:0.6
0.764  0.867  0.823  0.820  0.802  0.852  0.788  0.844  0.767  0.773  

train_epoch:4000   lr:0.01   npt:1  cpdr:0.6
0.764  0.879  0.797  0.835  0.852  0.858  0.858  0.829  0.823  0.811  

train_epoch:5000   lr:0.01   npt:1  cpdr:0.6
0.882  0.808  0.879  0.879  0.855  0.832  0.826  0.905  0.855  0.770  

train_epoch:3000   lr:0.01   npt:2  cpdr:0.3
0.847  0.841  0.879  0.817  0.814  0.85  0.826  0.805  0.826  0.838  

train_epoch:4000   lr:0.01   npt:2  cpdr:0.3
0.858  0.805  0.785  0.876  0.826  0.838  0.858  0.814  0.838  0.820  

train_epoch:5000   lr:0.01   npt:2  cpdr:0.3
0.847  0.832  0.891  0.9  0.879  0.841  0.794  0.885  0.852  0.814  

train_epoch:3000   lr:0.01   npt:2  cpdr:0.6
0.8  0.779  0.820  0.747  0.773  0.797  0.794  0.805  0.741  0.788  

train_epoch:4000   lr:0.01   npt:2  cpdr:0.6
0.779  0.776  0.844  0.805  0.8  0.764  0.829  0.811  0.767  0.802  

train_epoch:5000   lr:0.01   npt:2  cpdr:0.6
0.808  0.802  0.708  0.667  0.785  0.764  0.785  0.832  0.805  0.817  

train_epoch:3000   lr:0.01   npt:3  cpdr:0.3
0.841  0.785  0.835  0.776  0.902  0.835  0.864  0.808  0.852  0.829  

train_epoch:4000   lr:0.01   npt:3  cpdr:0.3
0.870  0.805  0.844  0.735  0.858  0.782  0.885  0.808  0.855  0.8  

train_epoch:5000   lr:0.01   npt:3  cpdr:0.3
0.905  0.852  0.797  0.861  0.861  0.779  0.814  0.841  0.788  0.891  

train_epoch:3000   lr:0.01   npt:3  cpdr:0.6
0.758  0.741  0.782  0.735  0.714  0.779  0.773  0.776  0.820  0.755  

train_epoch:4000   lr:0.01   npt:3  cpdr:0.6
0.770  0.717  0.808  0.767  0.717  0.8  0.732  0.779  0.779  0.720  

train_epoch:5000   lr:0.01   npt:3  cpdr:0.6
0.735  0.705  0.770  0.747  0.791  0.755  0.752  0.797  0.764  0.752  

train_epoch:2100   lr:0.01   npt:2  cpdr:0.6
0.779  0.755  0.794  0.826  0.764  0.814  0.782  0.802  0.726  0.782  

train_epoch:2000   lr:0.01   npt:2  cpdr:0.6
0.729  0.858  0.802  0.820  0.814  0.808  0.764  0.741  0.805  0.723  

train_epoch:2200   lr:0.01   npt:2  cpdr:0.6
0.782  0.767  0.767  0.797  0.755  0.761  0.729  0.685  0.741  0.694  

train_epoch:1000   lr:0.01   npt:3  cpdr:0.6
0.823  0.791  0.644  0.779  0.670  0.717  0.755  0.705  0.75  0.738  

train_epoch:4000   lr:0.01   npt:3  cpdr:0.6
0.782  0.708  0.791  0.744  0.770  0.794  0.8  0.714  0.802  0.708  

train_epoch:2000   lr:0.01   npt:3  cpdr:0.6
0.770  0.738  0.752  0.773  0.747  0.747  0.702  0.7  0.720  0.744  

train_epoch:2500   lr:0.01   npt:3  cpdr:0.6
0.720  0.65  0.647  0.685  0.708  0.667  0.679  0.670  0.761  0.782  

train_epoch:3000   lr:0.01   npt:3  cpdr:0.6
0.747  0.694  0.676  0.782  0.694  0.723  0.758  0.711  0.744  0.776  

