train_epoch:1000   lr:0.01   npt:1  cpdr:0.6
0.870  0.861  0.911  0.920  0.814  0.967  0.944  0.864  0.879  0.855  

train_epoch:2000   lr:0.01   npt:1  cpdr:0.6
0.897  0.897  0.9  0.873  0.908  0.914  0.914  0.858  0.908  0.914  

train_epoch:3000   lr:0.01   npt:1  cpdr:0.6
0.85  0.920  0.926  0.917  0.876  0.911  0.905  0.888  0.929  0.964  

train_epoch:1000   lr:0.01   npt:2  cpdr:0.6
0.858  0.882  0.908  0.885  0.897  0.876  0.858  0.876  0.873  0.944  

train_epoch:2000   lr:0.01   npt:2  cpdr:0.6
0.835  0.876  0.9  0.841  0.864  0.888  0.938  0.861  0.935  0.917  

train_epoch:3000   lr:0.01   npt:2  cpdr:0.6
0.938  0.847  0.935  0.9  0.867  0.888  0.879  0.894  0.932  0.932  

train_epoch:1000   lr:0.01   npt:3  cpdr:0.6
0.838  0.864  0.808  0.876  0.835  0.9  0.897  0.838  0.823  0.858  

train_epoch:2000   lr:0.01   npt:3  cpdr:0.6
0.932  0.905  0.923  0.867  0.908  0.858  0.9  0.891  0.885  0.917  

train_epoch:3000   lr:0.01   npt:3  cpdr:0.6
0.911  0.902  0.85  0.902  0.923  0.870  0.920  0.870  0.864  0.864  

