train_epoch:1000,2000,3000   lr:0.01  一层   npt:1  cpdr:0.3
0.923  0.932  0.920  0.847  0.855  0.867  0.858  0.879  0.911  0.905
0.897  0.867  0.891  0.855  0.902  0.908  0.873  0.858  0.867  0.900
0.876  0.944  0.902  0.914  0.873  0.900  0.926  0.888  0.867  0.932

train_epoch:1000,2000,3000   lr:0.01  一层   npt:1  cpdr:0.5
0.891  0.929  0.879  0.891  0.852  0.879  0.897  0.844  0.802  0.908
0.920  0.885  0.891  0.888  0.914  0.941  0.894  0.867  0.902  0.894
0.902  0.914  0.917  0.929  0.858  0.894  0.885  0.932  0.888  0.900

train_epoch:1000,2000,3000   lr:0.01  一层   npt:1  cpdr:0.7
0.908  0.849  0.882  0.897  0.882  0.935  0.867  0.879  0.897  0.888
0.911  0.929  0.847  0.926  0.861  0.949  0.949  0.867  0.961  0.894
0.894  0.858  0.914  0.923  0.923  0.905  0.911  0.847  0.864  0.923

train_epoch:1000,2000,3000   lr:0.01  一层   npt:2  cpdr:0.3
0.900  0.861  0.920  0.870  0.844  0.891  0.891  0.914  0.891  0.847
0.873  0.920  0.917  0.882  0.894  0.894  0.873  0.902  0.876  0.864
0.894  0.944  0.926  0.917  0.905  0.938  0.905  0.876  0.905  0.961

train_epoch:1000,2000,3000   lr:0.01  一层   npt:2  cpdr:0.5
0.858  0.820  0.876  0.897  0.867  0.894  0.864  0.894  0.873  0.894
0.844  0.894  0.858  0.876  0.947  0.911  0.888  0.876  0.902  0.852
0.929  0.905  0.849  0.873  0.944  0.885  0.902  0.885  0.908  0.897

train_epoch:1000,2000,3000   lr:0.01  一层   npt:2  cpdr:0.7
0.882  0.885  0.805  0.894  0.891  0.900  0.855  0.897  0.879  0.844
0.879  0.911  0.911  0.917  0.911  0.885  0.923  0.861  0.841  0.902
0.911  0.914  0.855  0.914  0.914  0.841  0.923  0.900  0.888  0.870

train_epoch:1000,2000,3000   lr:0.01  一层   npt:3  cpdr:0.3
0.938  0.858  0.855  0.879  0.867  0.911  0.826  0.897  0.829  0.908
0.929  0.944  0.929  0.911  0.882  0.879  0.888  0.897  0.920  0.897
0.908  0.911  0.873  0.897  0.902  0.894  0.935  0.835  0.876  0.920

train_epoch:1000,2000,3000   lr:0.01  一层   npt:3  cpdr:0.5
0.894  0.894  0.873  0.873  0.861  0.870  0.879  0.917  0.891  0.905
0.888  0.882  0.888  0.847  0.885  0.911  0.894  0.861  0.911  0.911
0.888  0.867  0.929  0.967  0.929  0.879  0.938  0.891  0.932  0.911

train_epoch:1000,2000,3000   lr:0.01  一层   npt:3  cpdr:0.7
0.911  0.841  0.835  0.885  0.908  0.841  0.826  0.855  0.844  0.835
0.905  0.911  0.876  0.894  0.894  0.814  0.870  0.876  0.876  0.876
0.876  0.835  0.882  0.835  0.861  0.847  0.870  0.885  0.849  0.867