train_epoch:3000   lr:0.01   npt:1  cpdr:0.3
0.902  0.9  0.894  0.917  0.914  0.882  0.911  0.941  0.938  0.905  

train_epoch:4000   lr:0.01   npt:1  cpdr:0.3
0.870  0.929  0.932  0.897  0.888  0.923  0.938  0.929  0.911  0.9  

train_epoch:5000   lr:0.01   npt:1  cpdr:0.3
0.914  0.95  0.917  0.926  0.908  0.911  0.932  0.932  0.905  0.905  

train_epoch:3000   lr:0.01   npt:1  cpdr:0.6
0.882  0.855  0.926  0.905  0.902  0.902  0.908  0.908  0.876  0.885  

train_epoch:4000   lr:0.01   npt:1  cpdr:0.6
0.920  0.897  0.9  0.914  0.908  0.914  0.882  0.911  0.952  0.914  

train_epoch:5000   lr:0.01   npt:1  cpdr:0.6
0.929  0.95  0.95  0.941  0.95  0.932  0.941  0.935  0.873  0.929  

train_epoch:3000   lr:0.01   npt:2  cpdr:0.3
0.926  0.932  0.897  0.976  0.95  0.938  0.932  0.938  0.867  0.929  

train_epoch:4000   lr:0.01   npt:2  cpdr:0.3
0.958  0.932  0.888  0.932  0.902  0.911  0.908  0.935  0.926  0.917  

train_epoch:5000   lr:0.01   npt:2  cpdr:0.3
0.920  0.911  0.908  0.929  0.908  0.929  0.929  0.902  0.870  0.947  

train_epoch:3000   lr:0.01   npt:2  cpdr:0.6
0.908  0.926  0.917  0.879  0.935  0.905  0.929  0.917  0.914  0.882  

train_epoch:4000   lr:0.01   npt:2  cpdr:0.6
0.911  0.885  0.864  0.905  0.891  0.902  0.911  0.920  0.917  0.944  

train_epoch:5000   lr:0.01   npt:2  cpdr:0.6
0.929  0.926  0.917  0.894  0.9  0.926  0.932  0.958  0.935  0.923  

train_epoch:3000   lr:0.01   npt:3  cpdr:0.3
0.944  0.879  0.902  0.911  0.908  0.885  0.823  0.926  0.917  0.9  

train_epoch:4000   lr:0.01   npt:3  cpdr:0.3
0.902  0.932  0.941  0.935  0.926  0.926  0.961  0.911  0.9  0.935  

train_epoch:5000   lr:0.01   npt:3  cpdr:0.3
0.929  0.9  0.905  0.932  0.920  0.926  0.938  0.908  0.926  0.929  

train_epoch:3000   lr:0.01   npt:3  cpdr:0.6
0.932  0.955  0.929  0.947  0.932  0.908  0.917  0.894  0.95  0.944  

train_epoch:4000   lr:0.01   npt:3  cpdr:0.6
0.929  0.917  0.905  0.935  0.911  0.911  0.891  0.955  0.9  0.929  

train_epoch:5000   lr:0.01   npt:3  cpdr:0.6
0.932  0.902  0.9  0.917  0.947  0.917  0.9  0.932  0.941  0.944  

