train_epoch:3000   lr:0.01   npt:1  cpdr:0.3
0.788  0.789  0.759  0.793  0.824  0.797  0.793  0.792  0.792  0.774  

train_epoch:4000   lr:0.01   npt:1  cpdr:0.3
0.771  0.794  0.797  0.799  0.784  0.823  0.806  0.774  0.771  0.811  

train_epoch:5000   lr:0.01   npt:1  cpdr:0.3
0.807  0.795  0.766  0.785  0.794  0.788  0.766  0.795  0.783  0.782  

train_epoch:3000   lr:0.01   npt:1  cpdr:0.5
0.767  0.748  0.790  0.776  0.756  0.753  0.751  0.755  0.720  0.766  

train_epoch:4000   lr:0.01   npt:1  cpdr:0.5
0.777  0.768  0.731  0.770  0.793  0.769  0.787  0.790  0.764  0.757  

train_epoch:5000   lr:0.01   npt:1  cpdr:0.5
0.789  0.780  0.783  0.763  0.797  0.762  0.766  0.770  0.757  0.802  

train_epoch:3000   lr:0.01   npt:1  cpdr:0.7
0.753  0.738  0.739  0.753  0.713  0.739  0.749  0.763  0.730  0.748  

train_epoch:4000   lr:0.01   npt:1  cpdr:0.7
0.760  0.738  0.757  0.762  0.764  0.759  0.758  0.745  0.764  0.758  

train_epoch:5000   lr:0.01   npt:1  cpdr:0.7
0.727  0.742  0.754  0.736  0.763  0.752  0.766  0.751  0.766  0.734  

train_epoch:3000   lr:0.01   npt:2  cpdr:0.3
0.784  0.772  0.794  0.777  0.763  0.790  0.800  0.802  0.791  0.778  

train_epoch:4000   lr:0.01   npt:2  cpdr:0.3
0.779  0.770  0.784  0.775  0.764  0.800  0.771  0.804  0.783  0.767  

train_epoch:5000   lr:0.01   npt:2  cpdr:0.3
0.824  0.771  0.790  0.782  0.784  0.809  0.794  0.779  0.775  0.781  

train_epoch:3000   lr:0.01   npt:2  cpdr:0.5
0.745  0.771  0.703  0.726  0.757  0.761  0.757  0.716  0.752  0.758  

train_epoch:4000   lr:0.01   npt:2  cpdr:0.5
0.740  0.762  0.760  0.741  0.746  0.761  0.750  0.735  0.751  0.765  

train_epoch:5000   lr:0.01   npt:2  cpdr:0.5
0.728  0.753  0.737  0.767  0.784  0.780  0.769  0.747  0.723  0.748  

train_epoch:3000   lr:0.01   npt:2  cpdr:0.7
0.739  0.744  0.712  0.732  0.736  0.741  0.716  0.716  0.740  0.732  

train_epoch:4000   lr:0.01   npt:2  cpdr:0.7
0.706  0.702  0.711  0.714  0.713  0.724  0.730  0.736  0.706  0.716  

train_epoch:5000   lr:0.01   npt:2  cpdr:0.7
0.726  0.726  0.734  0.730  0.696  0.728  0.715  0.706  0.718  0.706  

train_epoch:3000   lr:0.01   npt:3  cpdr:0.3
0.797  0.739  0.777  0.779  0.741  0.780  0.773  0.793  0.760  0.770  

train_epoch:4000   lr:0.01   npt:3  cpdr:0.3
0.748  0.780  0.729  0.801  0.770  0.745  0.793  0.771  0.796  0.791  

train_epoch:5000   lr:0.01   npt:3  cpdr:0.3
0.763  0.796  0.746  0.781  0.789  0.737  0.778  0.770  0.767  0.781  

train_epoch:3000   lr:0.01   npt:3  cpdr:0.5
0.770  0.775  0.759  0.746  0.761  0.766  0.734  0.744  0.722  0.767  

train_epoch:4000   lr:0.01   npt:3  cpdr:0.5
0.736  0.758  0.765  0.729  0.748  0.746  0.736  0.748  0.714  0.725  

train_epoch:5000   lr:0.01   npt:3  cpdr:0.5
0.751  0.745  0.717  0.766  0.773  0.738  0.760  0.763  0.743  0.756  

train_epoch:3000   lr:0.01   npt:3  cpdr:0.7
0.734  0.709  0.692  0.704  0.712  0.714  0.711  0.738  0.723  0.740  

train_epoch:4000   lr:0.01   npt:3  cpdr:0.7
0.714  0.714  0.705  0.736  0.731  0.720  0.710  0.746  0.689  0.706  

train_epoch:5000   lr:0.01   npt:3  cpdr:0.7
0.705  0.728  0.753  0.700  0.720  0.731  0.719  0.719  0.697  0.740  

train_epoch:3000   lr:0.01   npt:1  cpdr:0.6
0.729  0.753  0.769  0.765  0.737  0.750  0.764  0.746  0.762  0.791  

train_epoch:4000   lr:0.01   npt:1  cpdr:0.6
0.761  0.751  0.759  0.737  0.770  0.753  0.773  0.772  0.734  0.729  

train_epoch:5000   lr:0.01   npt:1  cpdr:0.6
0.767  0.745  0.757  0.767  0.777  0.757  0.738  0.742  0.725  0.800  

train_epoch:3000   lr:0.01   npt:2  cpdr:0.6
0.735  0.753  0.706  0.723  0.715  0.737  0.766  0.742  0.710  0.754  

train_epoch:4000   lr:0.01   npt:2  cpdr:0.6
0.778  0.757  0.762  0.741  0.738  0.769  0.748  0.775  0.749  0.722  

train_epoch:5000   lr:0.01   npt:2  cpdr:0.6
0.734  0.768  0.762  0.747  0.707  0.735  0.746  0.738  0.725  0.740  

train_epoch:3000   lr:0.01   npt:3  cpdr:0.6
0.728  0.725  0.716  0.759  0.715  0.718  0.714  0.728  0.704  0.740  

train_epoch:4000   lr:0.01   npt:3  cpdr:0.6
0.745  0.732  0.733  0.762  0.722  0.771  0.697  0.727  0.716  0.743  

train_epoch:5000   lr:0.01   npt:3  cpdr:0.6
0.748  0.719  0.734  0.722  0.767  0.760  0.749  0.748  0.752  0.749  

