train_epoch:3000   lr:0.01   npt:1  cpdr:0.3
0.859  0.855  0.832  0.844  0.836  0.856  0.854  0.849  0.842  0.837  

train_epoch:4000   lr:0.01   npt:1  cpdr:0.3
0.841  0.837  0.865  0.841  0.850  0.871  0.850  0.841  0.860  0.865  

train_epoch:5000   lr:0.01   npt:1  cpdr:0.3
0.842  0.864  0.833  0.855  0.857  0.843  0.856  0.844  0.856  0.854  

train_epoch:3000   lr:0.01   npt:1  cpdr:0.5
0.837  0.830  0.835  0.828  0.840  0.841  0.829  0.879  0.845  0.822  

train_epoch:4000   lr:0.01   npt:1  cpdr:0.5
0.841  0.843  0.830  0.877  0.843  0.857  0.863  0.833  0.852  0.861  

train_epoch:5000   lr:0.01   npt:1  cpdr:0.5
0.843  0.840  0.873  0.839  0.852  0.833  0.837  0.847  0.849  0.879  

train_epoch:3000   lr:0.01   npt:1  cpdr:0.7
0.834  0.868  0.841  0.847  0.831  0.840  0.864  0.836  0.864  0.816  

train_epoch:4000   lr:0.01   npt:1  cpdr:0.7
0.840  0.836  0.843  0.838  0.857  0.818  0.839  0.846  0.849  0.846  

train_epoch:5000   lr:0.01   npt:1  cpdr:0.7
0.854  0.847  0.837  0.840  0.827  0.849  0.864  0.872  0.846  0.820  

train_epoch:3000   lr:0.01   npt:2  cpdr:0.3
0.859  0.830  0.870  0.850  0.858  0.840  0.857  0.803  0.873  0.845  

train_epoch:4000   lr:0.01   npt:2  cpdr:0.3
0.841  0.825  0.857  0.857  0.840  0.849  0.838  0.830  0.848  0.848  

train_epoch:5000   lr:0.01   npt:2  cpdr:0.3
0.865  0.869  0.858  0.849  0.846  0.857  0.870  0.843  0.866  0.874  

train_epoch:3000   lr:0.01   npt:2  cpdr:0.5
0.830  0.850  0.852  0.823  0.808  0.849  0.837  0.853  0.828  0.829  

train_epoch:4000   lr:0.01   npt:2  cpdr:0.5
0.853  0.856  0.849  0.839  0.830  0.852  0.857  0.859  0.810  0.828  

train_epoch:5000   lr:0.01   npt:2  cpdr:0.5
0.847  0.859  0.838  0.841  0.855  0.866  0.867  0.809  0.845  0.848  

train_epoch:3000   lr:0.01   npt:2  cpdr:0.7
0.839  0.831  0.841  0.860  0.820  0.826  0.860  0.827  0.817  0.842  

train_epoch:4000   lr:0.01   npt:2  cpdr:0.7
0.845  0.859  0.862  0.830  0.842  0.854  0.838  0.833  0.837  0.823  

train_epoch:5000   lr:0.01   npt:2  cpdr:0.7
0.831  0.879  0.846  0.860  0.855  0.851  0.849  0.833  0.834  0.842  

train_epoch:3000   lr:0.01   npt:3  cpdr:0.3
0.825  0.842  0.866  0.842  0.819  0.858  0.838  0.841  0.810  0.826  

train_epoch:4000   lr:0.01   npt:3  cpdr:0.3
0.844  0.836  0.818  0.856  0.853  0.828  0.835  0.811  0.858  0.860  

train_epoch:5000   lr:0.01   npt:3  cpdr:0.3
0.826  0.852  0.841  0.840  0.831  0.841  0.828  0.838  0.831  0.828  

train_epoch:3000   lr:0.01   npt:3  cpdr:0.5
0.807  0.851  0.849  0.819  0.830  0.847  0.848  0.839  0.826  0.852  

train_epoch:4000   lr:0.01   npt:3  cpdr:0.5
0.849  0.847  0.849  0.865  0.843  0.829  0.838  0.851  0.834  0.845  

train_epoch:5000   lr:0.01   npt:3  cpdr:0.5
0.841  0.827  0.858  0.878  0.833  0.883  0.848  0.846  0.854  0.850  

train_epoch:3000   lr:0.01   npt:3  cpdr:0.7
0.833  0.825  0.833  0.835  0.840  0.815  0.841  0.859  0.854  0.826  

train_epoch:4000   lr:0.01   npt:3  cpdr:0.7
0.838  0.821  0.840  0.852  0.814  0.837  0.815  0.822  0.823  0.818  

train_epoch:5000   lr:0.01   npt:3  cpdr:0.7
0.848  0.829  0.857  0.854  0.856  0.849  0.848  0.844  0.871  0.812  

train_epoch:3000   lr:0.01   npt:1  cpdr:0.6
0.845  0.850  0.847  0.845  0.799  0.852  0.852  0.849  0.830  0.855  

train_epoch:4000   lr:0.01   npt:1  cpdr:0.6
0.870  0.855  0.849  0.833  0.853  0.842  0.830  0.828  0.849  0.867  

train_epoch:5000   lr:0.01   npt:1  cpdr:0.6
0.853  0.886  0.864  0.860  0.862  0.861  0.866  0.829  0.844  0.834  

train_epoch:3000   lr:0.01   npt:2  cpdr:0.6
0.851  0.817  0.850  0.867  0.827  0.814  0.862  0.842  0.843  0.846  

train_epoch:4000   lr:0.01   npt:2  cpdr:0.6
0.830  0.849  0.853  0.835  0.825  0.832  0.830  0.817  0.866  0.871  

train_epoch:5000   lr:0.01   npt:2  cpdr:0.6
0.817  0.867  0.860  0.855  0.841  0.849  0.845  0.851  0.847  0.868  

train_epoch:3000   lr:0.01   npt:3  cpdr:0.6
0.809  0.834  0.840  0.833  0.872  0.823  0.843  0.846  0.824  0.861  

train_epoch:4000   lr:0.01   npt:3  cpdr:0.6
0.845  0.836  0.846  0.852  0.871  0.821  0.859  0.840  0.856  0.855  

train_epoch:5000   lr:0.01   npt:3  cpdr:0.6
0.851  0.850  0.858  0.823  0.812  0.848  0.870  0.869  0.845  0.839  

