train_epoch:3000   lr:0.01   npt:1  cpdr:0.3
0.828  0.842  0.855  0.833  0.846  0.849  0.836  0.832  0.864  0.848  

train_epoch:4000   lr:0.01   npt:1  cpdr:0.3
0.846  0.828  0.818  0.836  0.855  0.847  0.854  0.870  0.845  0.859  

train_epoch:5000   lr:0.01   npt:1  cpdr:0.3
0.864  0.851  0.846  0.839  0.861  0.842  0.831  0.848  0.854  0.814  

train_epoch:3000   lr:0.01   npt:1  cpdr:0.5
0.863  0.840  0.854  0.855  0.838  0.830  0.838  0.840  0.858  0.849  

train_epoch:4000   lr:0.01   npt:1  cpdr:0.5
0.828  0.857  0.858  0.828  0.805  0.834  0.839  0.838  0.838  0.852  

train_epoch:5000   lr:0.01   npt:1  cpdr:0.5
0.857  0.838  0.841  0.837  0.866  0.864  0.852  0.842  0.866  0.856  

train_epoch:3000   lr:0.01   npt:1  cpdr:0.7
0.841  0.815  0.859  0.837  0.843  0.837  0.824  0.844  0.863  0.843  

train_epoch:4000   lr:0.01   npt:1  cpdr:0.7
0.865  0.851  0.826  0.860  0.856  0.846  0.841  0.858  0.831  0.838  

train_epoch:5000   lr:0.01   npt:1  cpdr:0.7
0.842  0.846  0.833  0.849  0.859  0.833  0.834  0.851  0.857  0.854  

train_epoch:3000   lr:0.01   npt:2  cpdr:0.3
0.850  0.833  0.818  0.835  0.825  0.850  0.866  0.833  0.840  0.847  

train_epoch:4000   lr:0.01   npt:2  cpdr:0.3
0.831  0.843  0.862  0.827  0.845  0.840  0.838  0.853  0.863  0.841  

train_epoch:5000   lr:0.01   npt:2  cpdr:0.3
0.854  0.850  0.861  0.840  0.830  0.857  0.840  0.833  0.832  0.866  

train_epoch:3000   lr:0.01   npt:2  cpdr:0.5
0.825  0.840  0.848  0.833  0.857  0.828  0.841  0.815  0.857  0.833  

train_epoch:4000   lr:0.01   npt:2  cpdr:0.5
0.854  0.835  0.860  0.862  0.831  0.847  0.855  0.857  0.857  0.839  

train_epoch:5000   lr:0.01   npt:2  cpdr:0.5
0.845  0.834  0.826  0.859  0.848  0.861  0.849  0.855  0.836  0.843  

train_epoch:3000   lr:0.01   npt:2  cpdr:0.7
0.862  0.830  0.839  0.854  0.817  0.827  0.841  0.837  0.821  0.852  

train_epoch:4000   lr:0.01   npt:2  cpdr:0.7
0.847  0.852  0.838  0.834  0.821  0.837  0.849  0.861  0.867  0.841  

train_epoch:5000   lr:0.01   npt:2  cpdr:0.7
0.862  0.825  0.834  0.838  0.835  0.819  0.840  0.825  0.839  0.837  

train_epoch:3000   lr:0.01   npt:3  cpdr:0.3
0.810  0.863  0.831  0.838  0.850  0.828  0.811  0.859  0.873  0.848  

train_epoch:4000   lr:0.01   npt:3  cpdr:0.3
0.841  0.844  0.859  0.856  0.825  0.823  0.837  0.847  0.855  0.865  

train_epoch:5000   lr:0.01   npt:3  cpdr:0.3
0.855  0.818  0.820  0.853  0.849  0.831  0.849  0.833  0.844  0.838  

train_epoch:3000   lr:0.01   npt:3  cpdr:0.5
0.819  0.834  0.819  0.852  0.842  0.860  0.855  0.795  0.841  0.836  

train_epoch:4000   lr:0.01   npt:3  cpdr:0.5
0.838  0.834  0.846  0.811  0.831  0.824  0.822  0.843  0.854  0.839  

train_epoch:5000   lr:0.01   npt:3  cpdr:0.5
0.829  0.843  0.833  0.856  0.857  0.848  0.839  0.853  0.834  0.836  

train_epoch:3000   lr:0.01   npt:3  cpdr:0.7
0.833  0.809  0.857  0.840  0.831  0.838  0.854  0.830  0.829  0.839  

train_epoch:4000   lr:0.01   npt:3  cpdr:0.7
0.855  0.856  0.827  0.825  0.834  0.816  0.849  0.857  0.829  0.818  

train_epoch:5000   lr:0.01   npt:3  cpdr:0.7
0.859  0.836  0.870  0.847  0.817  0.818  0.840  0.819  0.825  0.848  

train_epoch:3000   lr:0.01   npt:1  cpdr:0.6
0.841  0.843  0.835  0.842  0.854  0.845  0.839  0.843  0.845  0.834  

train_epoch:4000   lr:0.01   npt:1  cpdr:0.6
0.857  0.825  0.857  0.831  0.859  0.838  0.857  0.826  0.856  0.845  

train_epoch:5000   lr:0.01   npt:1  cpdr:0.6
0.857  0.852  0.866  0.840  0.871  0.874  0.847  0.841  0.849  0.845  

train_epoch:3000   lr:0.01   npt:2  cpdr:0.6
0.814  0.860  0.844  0.849  0.856  0.826  0.832  0.822  0.842  0.849  

train_epoch:4000   lr:0.01   npt:2  cpdr:0.6
0.839  0.847  0.855  0.858  0.859  0.840  0.864  0.850  0.845  0.809  

train_epoch:5000   lr:0.01   npt:2  cpdr:0.6
0.854  0.834  0.819  0.821  0.850  0.826  0.866  0.851  0.852  0.843  

train_epoch:3000   lr:0.01   npt:3  cpdr:0.6
0.828  0.819  0.809  0.857  0.812  0.827  0.850  0.833  0.854  0.833  

train_epoch:4000   lr:0.01   npt:3  cpdr:0.6
0.853  0.832  0.832  0.838  0.838  0.867  0.827  0.835  0.831  0.872  

train_epoch:5000   lr:0.01   npt:3  cpdr:0.6
0.849  0.843  0.843  0.856  0.858  0.849  0.834  0.825  0.828  0.809  

