train_epoch:800   lr:0.001   npt:1  cpdr:0.6
0.694  0.731  0.700  0.693  0.705  0.736  0.731  0.699  0.723  0.718  

train_epoch:900   lr:0.001   npt:1  cpdr:0.6
0.706  0.706  0.730  0.746  0.706  0.712  0.734  0.739  0.704  0.696  

train_epoch:1000   lr:0.001   npt:1  cpdr:0.6
0.714  0.722  0.702  0.738  0.732  0.728  0.717  0.695  0.747  0.745  

train_epoch:800   lr:0.001   npt:2  cpdr:0.6
0.716  0.706  0.695  0.695  0.687  0.688  0.703  0.679  0.690  0.732  

train_epoch:900   lr:0.001   npt:2  cpdr:0.6
0.718  0.703  0.696  0.710  0.732  0.718  0.718  0.735  0.746  0.698  

train_epoch:1000   lr:0.001   npt:2  cpdr:0.6
0.696  0.723  0.749  0.702  0.711  0.699  0.729  0.708  0.697  0.730  

train_epoch:800   lr:0.001   npt:3  cpdr:0.6
0.704  0.745  0.667  0.693  0.673  0.677  0.689  0.684  0.728  0.685  

train_epoch:900   lr:0.001   npt:3  cpdr:0.6
0.697  0.671  0.708  0.695  0.686  0.695  0.711  0.676  0.682  0.700  

train_epoch:1000   lr:0.001   npt:3  cpdr:0.6
0.701  0.694  0.670  0.755  0.729  0.697  0.676  0.744  0.686  0.709  

train_epoch:1100   lr:0.001   npt:1  cpdr:0.6
0.707  0.717  0.732  0.717  0.721  0.732  0.730  0.725  0.734  0.731  

train_epoch:1300   lr:0.001   npt:1  cpdr:0.6
0.738  0.731  0.722  0.773  0.765  0.731  0.747  0.766  0.746  0.754  

train_epoch:1200   lr:0.001   npt:1  cpdr:0.6
0.751  0.715  0.729  0.721  0.744  0.733  0.770  0.755  0.716  0.752  

train_epoch:1200   lr:0.001   npt:2  cpdr:0.6
0.710  0.749  0.747  0.729  0.712  0.744  0.746  0.738  0.750  0.744  

train_epoch:1100   lr:0.001   npt:2  cpdr:0.6
0.746  0.714  0.712  0.734  0.700  0.729  0.717  0.731  0.722  0.740  

train_epoch:1300   lr:0.001   npt:2  cpdr:0.6
0.708  0.725  0.752  0.738  0.744  0.743  0.742  0.736  0.724  0.698  

train_epoch:1100   lr:0.001   npt:3  cpdr:0.6
0.756  0.732  0.724  0.733  0.712  0.717  0.706  0.728  0.732  0.718  

train_epoch:1300   lr:0.001   npt:3  cpdr:0.6
0.712  0.760  0.760  0.741  0.746  0.730  0.722  0.731  0.733  0.719  

train_epoch:1200   lr:0.001   npt:3  cpdr:0.6
0.694  0.702  0.720  0.707  0.735  0.725  0.710  0.692  0.748  0.712  

