train_epoch:7000,8000,9000   lr:0.01  一层   npt:1  cpdr:0.3
0.829  0.81   0.827  0.818  0.838  0.851  0.841  0.831  0.839  0.833       0.8317
0.852  0.827  0.829  0.806  0.841  0.808  0.837  0.795  0.852  0.851       0.8298
0.835  0.811  0.816  0.839  0.821  0.824  0.852  0.818  0.835  0.834       0.8285

train_epoch:7000,8000,9000   lr:0.01  一层   npt:1  cpdr:0.5
0.777  0.826  0.802  0.815  0.799  0.807  0.826  0.819  0.784  0.833       0.8088
0.782  0.803  0.849  0.821  0.801  0.797  0.801  0.801  0.825  0.811       0.8091000000000002
0.813  0.817  0.846  0.828  0.83   0.805  0.823  0.818  0.811  0.791       0.8181999999999998

train_epoch:7000,8000,9000   lr:0.01  一层   npt:1  cpdr:0.7
0.795  0.815  0.797  0.801  0.786  0.799  0.799  0.795  0.813  0.799       0.7999
0.81   0.78   0.778  0.81   0.833  0.81   0.81   0.805  0.828  0.799       0.8063
0.789  0.767  0.819  0.823  0.805  0.814  0.814  0.794  0.782  0.798       0.8005000000000001

train_epoch:7000,8000,9000   lr:0.01  一层   npt:2  cpdr:0.3
0.814  0.828  0.81   0.807  0.848  0.801  0.824  0.795  0.805  0.809       0.8141
0.812  0.826  0.816  0.78   0.791  0.834  0.819  0.803  0.825  0.841       0.8147
0.821  0.832  0.827  0.804  0.795  0.833  0.832  0.79   0.802  0.831       0.8167

train_epoch:7000,8000,9000   lr:0.01  一层   npt:2  cpdr:0.5
0.819  0.797  0.809  0.803  0.813  0.817  0.821  0.809  0.795  0.807       0.8089999999999999
0.797  0.775  0.8    0.822  0.825  0.78   0.801  0.802  0.808  0.791       0.8001000000000001
0.792  0.808  0.811  0.819  0.827  0.794  0.797  0.82   0.808  0.826       0.8102

train_epoch:7000,8000,9000   lr:0.01  一层   npt:2  cpdr:0.7
0.757  0.772  0.769  0.74   0.762  0.803  0.791  0.759  0.733  0.788       0.7674000000000001
0.821  0.806  0.787  0.785  0.779  0.79   0.762  0.781  0.756  0.809       0.7876000000000001
0.794  0.768  0.8    0.815  0.752  0.806  0.754  0.786  0.788  0.754       0.7817000000000001

train_epoch:7000,8000,9000   lr:0.01  一层   npt:3  cpdr:0.3
0.825  0.82   0.784  0.793  0.822  0.812  0.797  0.811  0.793  0.85        0.8107000000000001
0.803  0.812  0.788  0.827  0.825  0.829  0.806  0.833  0.829  0.812       0.8164
0.788  0.83   0.828  0.814  0.803  0.807  0.793  0.766  0.827  0.8         0.8056000000000001

train_epoch:7000,8000,9000   lr:0.01  一层   npt:3  cpdr:0.5
0.785  0.801  0.805  0.775  0.819  0.807  0.787  0.786  0.798  0.784       0.7947
0.785  0.786  0.784  0.818  0.796  0.827  0.758  0.78   0.777  0.774       0.7885000000000001
0.788  0.788  0.772  0.791  0.775  0.797  0.793  0.799  0.819  0.795       0.7917

train_epoch:7000,8000,9000   lr:0.01  一层   npt:3  cpdr:0.7
0.777  0.779  0.754  0.773  0.738  0.754  0.747  0.792  0.754  0.763       0.7631
0.736  0.737  0.793  0.791  0.755  0.789  0.787  0.767  0.785  0.782       0.7722
0.742  0.764  0.801  0.783  0.796  0.752  0.78   0.759  0.777  0.777       0.7731000000000001


10次一起
train_epoch:900,800,1000   lr:0.001  一层   npt:1  cpdr:0.3
0.727  0.717  0.696  0.715  0.726  0.734  0.722  0.735  0.732  0.699       0.7202999999999999
0.705  0.748  0.714  0.742  0.737  0.749  0.66   0.757  0.749  0.725       0.7285999999999999
0.728  0.716  0.72   0.747  0.738  0.706  0.743  0.741  0.699  0.738       0.7276

train_epoch:800,900,1000   lr:0.001  一层   npt:1  cpdr:0.5
0.717  0.713  0.713  0.682  0.734  0.724  0.715  0.708  0.679  0.707       0.7091999999999999
0.707  0.757  0.692  0.708  0.724  0.715  0.727  0.733  0.739  0.682       0.7184
0.727  0.737  0.7    0.729  0.7    0.706  0.734  0.674  0.702  0.731       0.714

train_epoch:800,900,1000   lr:0.001  一层   npt:1  cpdr:0.7
0.71   0.667  0.682  0.733  0.678  0.669  0.698  0.686  0.712  0.714       0.6949
0.694  0.735  0.698  0.728  0.729  0.725  0.691  0.703  0.7    0.694       0.7097
0.75   0.708  0.723  0.722  0.726  0.73   0.715  0.706  0.759  0.727       0.7266

train_epoch:900,800,1000   lr:0.001  一层   npt:2  cpdr:0.3
0.736  0.713  0.697  0.727  0.702  0.697  0.72   0.715  0.712  0.718       0.7136999999999999
0.716  0.738  0.701  0.699  0.698  0.709  0.699  0.742  0.714  0.689       0.7104999999999999
0.697  0.714  0.716  0.744  0.72   0.71   0.698  0.704  0.714  0.72        0.7136999999999998

train_epoch:900,800,1000   lr:0.001  一层   npt:2  cpdr:0.5
0.705  0.695  0.685  0.713  0.689  0.706  0.708  0.706  0.723  0.683       0.7012999999999999
0.722  0.715  0.684  0.69   0.714  0.735  0.708  0.741  0.716  0.731       0.7156
0.714  0.702  0.696  0.725  0.711  0.731  0.735  0.707  0.707  0.691       0.7119

train_epoch:900,800,1000   lr:0.001  一层   npt:2  cpdr:0.7
0.669  0.674  0.696  0.699  0.731  0.683  0.704  0.666  0.692  0.699       0.6912999999999999
0.698  0.74   0.684  0.696  0.739  0.686  0.717  0.705  0.738  0.719       0.7121999999999999
0.692  0.703  0.733  0.696  0.718  0.725  0.73   0.71   0.728  0.709       0.7143999999999999

train_epoch:900,800,1000   lr:0.001  一层   npt:3  cpdr:0.3
0.687  0.701  0.67   0.742  0.726  0.718  0.718  0.722  0.723  0.686       0.7092999999999999
0.713  0.691  0.706  0.725  0.694  0.703  0.732  0.719  0.682  0.741       0.7106000000000001
0.737  0.73   0.739  0.715  0.735  0.716  0.733  0.715  0.765  0.714       0.7299

train_epoch:900,800,1000   lr:0.001  一层   npt:3  cpdr:0.5
0.696  0.686  0.676  0.687  0.704  0.692  0.637  0.685  0.674  0.66        0.6797000000000002
0.696  0.695  0.701  0.676  0.731  0.68   0.681  0.699  0.721  0.703       0.6983
0.717  0.699  0.738  0.704  0.74   0.703  0.719  0.7    0.756  0.725       0.7201000000000001

train_epoch:900,800,1000，1100   lr:0.001  一层   npt:3  cpdr:0.7
0.678  0.698  0.686  0.664  0.653  0.687  0.708  0.711  0.682  0.65        0.6817000000000001
0.706  0.687  0.72   0.699  0.7    0.693  0.657  0.68   0.682  0.705       0.6929
0.695  0.675  0.746  0.71   0.708  0.73   0.705  0.722  0.729  0.716       0.7135999999999999
0.716  0.734  0.708  0.717  0.745  0.723  0.705  0.692  0.685  0.707       0.7132000000000001























