train_epoch:1000,1100,1200   lr:0.01  一层   npt:1  cpdr:0.3
0.928  0.949  0.877  0.913  0.889  0.866  0.860  0.863  0.886  0.880
0.934  0.845  0.895  0.898  0.782  0.848  0.851  0.869  0.880  0.961
0.907  0.922  0.880  0.913  0.925  0.845  0.952  0.916  0.880  0.934

train_epoch:1000,1100,1200   lr:0.01  一层   npt:1  cpdr:0.5
0.851  0.931  0.913  0.889  0.898  0.842  0.883  0.866  0.907  0.963
0.904  0.922  0.913  0.919  0.892  0.857  0.892  0.869  0.877  0.880
0.875  0.901  0.883  0.925  0.955  0.916  0.857  0.866  0.886  0.857

train_epoch:1000,1100,1200   lr:0.01  一层   npt:1  cpdr:0.7
0.785  0.937  0.937  0.889  0.863  0.872  0.842  0.913  0.904  0.952
0.898  0.866  0.910  0.895  0.895  0.851  0.839  0.916  0.830  0.821
0.869  0.901  0.848  0.854  0.815  0.925  0.895  0.916  0.904  0.907

train_epoch:1000,1100,1200   lr:0.01  一层   npt:2  cpdr:0.3
0.880  0.866  0.892  0.860  0.951  0.857  0.892  0.848  0.898  0.860
0.952  0.875  0.892  0.898  0.907  0.895  0.889  0.919  0.886  0.880
0.886  0.815  0.889  0.833  0.863  0.872  0.877  0.901  0.889  0.869

train_epoch:1000,1100,1200   lr:0.01  一层   npt:2  cpdr:0.5
0.875  0.875  0.860  0.866  0.922  0.901  0.907  0.854  0.872  0.904
0.848  0.875  0.883  0.860  0.925  0.883  0.904  0.886  0.863  0.872
0.866  0.809  0.836  0.898  0.818  0.895  0.851  0.928  0.845  0.886

train_epoch:1000,1100,1200   lr:0.01  一层   npt:2  cpdr:0.7
0.877  0.869  0.922  0.845  0.919  0.845  0.800  0.892  0.910  0.880
0.883  0.860  0.892  0.925  0.877  0.898  0.875  0.925  0.809  0.901
0.866  0.869  0.836  0.895  0.869  0.904  0.883  0.845  0.940  0.800

train_epoch:1000,1100,1200   lr:0.01  一层   npt:3  cpdr:0.3
0.883  0.866  0.866  0.836  0.860  0.848  0.892  0.880  0.877  0.839
0.836  0.904  0.910  0.886  0.860  0.892  0.875  0.910  0.889  0.857
0.857  0.919  0.910  0.866  0.922  0.907  0.857  0.904  0.863  0.875

train_epoch:1000,1100,1200   lr:0.01  一层   npt:3  cpdr:0.5
0.872  0.818  0.916  0.934  0.877  0.913  0.898  0.869  0.880  0.833
0.872  0.866  0.842  0.842  0.782  0.869  0.845  0.860  0.872  0.830
0.833  0.892  0.886  0.883  0.821  0.860  0.872  0.883  0.866  0.866

train_epoch:1000,1100,1200   lr:0.01  一层   npt:3  cpdr:0.7
0.833  0.916  0.928  0.883  0.833  0.827  0.854  0.892  0.866  0.886
0.895  0.860  0.875  0.889  0.880  0.904  0.898  0.886  0.821  0.922
0.937  0.934  0.940  0.904  0.889  0.845  0.895  0.866  0.842  0.919


















