train_epoch:3000   lr:0.01   npt:1  cpdr:0.3
0.901  0.910  0.866  0.898  0.943  0.895  0.886  0.877  0.889  0.892  

train_epoch:4000   lr:0.01   npt:1  cpdr:0.3
0.869  0.904  0.895  0.946  0.848  0.839  0.872  0.869  0.901  0.913  

train_epoch:5000   lr:0.01   npt:1  cpdr:0.3
0.895  0.886  0.904  0.916  0.875  0.857  0.940  0.898  0.889  0.875  

train_epoch:3000   lr:0.01   npt:1  cpdr:0.6
0.854  0.880  0.848  0.886  0.869  0.875  0.898  0.919  0.880  0.886  

train_epoch:4000   lr:0.01   npt:1  cpdr:0.6
0.895  0.854  0.842  0.907  0.889  0.785  0.916  0.877  0.898  0.851  

train_epoch:5000   lr:0.01   npt:1  cpdr:0.6
0.830  0.860  0.913  0.860  0.854  0.860  0.857  0.901  0.863  0.907  

train_epoch:3000   lr:0.01   npt:2  cpdr:0.3
0.851  0.904  0.770  0.901  0.928  0.857  0.872  0.836  0.872  0.877  

train_epoch:4000   lr:0.01   npt:2  cpdr:0.3
0.907  0.901  0.866  0.907  0.928  0.860  0.889  0.883  0.922  0.824  

train_epoch:5000   lr:0.01   npt:2  cpdr:0.3
0.806  0.880  0.842  0.824  0.934  0.883  0.863  0.889  0.904  0.907  

train_epoch:3000   lr:0.01   npt:2  cpdr:0.6
0.857  0.910  0.875  0.827  0.872  0.916  0.851  0.910  0.860  0.895  

train_epoch:4000   lr:0.01   npt:2  cpdr:0.6
0.910  0.779  0.842  0.848  0.866  0.910  0.842  0.892  0.904  0.875  

train_epoch:5000   lr:0.01   npt:2  cpdr:0.6
0.898  0.883  0.851  0.886  0.880  0.916  0.892  0.809  0.898  0.863  

train_epoch:3000   lr:0.01   npt:3  cpdr:0.3
0.895  0.889  0.901  0.872  0.886  0.869  0.815  0.910  0.904  0.875  

train_epoch:4000   lr:0.01   npt:3  cpdr:0.3
0.880  0.872  0.809  0.839  0.925  0.875  0.883  0.922  0.910  0.958  

train_epoch:5000   lr:0.01   npt:3  cpdr:0.3
0.791  0.875  0.875  0.901  0.898  0.863  0.886  0.827  0.880  0.872  

train_epoch:3000   lr:0.01   npt:3  cpdr:0.6
0.857  0.889  0.919  0.883  0.883  0.818  0.827  0.883  0.818  0.883  

train_epoch:4000   lr:0.01   npt:3  cpdr:0.6
0.880  0.794  0.836  0.851  0.782  0.845  0.866  0.892  0.797  0.880  

train_epoch:5000   lr:0.01   npt:3  cpdr:0.6
0.854  0.919  0.869  0.928  0.860  0.925  0.919  0.869  0.866  0.934  

