train_epoch:3000   lr:0.01   npt:1  cpdr:0.3
0.913  0.877  0.937  0.943  0.907  0.803  0.889  0.866  0.898  0.910  

train_epoch:4000   lr:0.01   npt:1  cpdr:0.3
0.883  0.925  0.845  0.854  0.880  0.898  0.883  0.821  0.863  0.898  

train_epoch:5000   lr:0.01   npt:1  cpdr:0.3
0.877  0.901  0.860  0.937  0.866  0.875  0.806  0.925  0.895  0.851  

train_epoch:3000   lr:0.01   npt:1  cpdr:0.6
0.851  0.886  0.857  0.910  0.848  0.830  0.937  0.883  0.863  0.857  

train_epoch:4000   lr:0.01   npt:1  cpdr:0.6
0.830  0.880  0.836  0.872  0.875  0.869  0.842  0.922  0.863  0.842  

train_epoch:5000   lr:0.01   npt:1  cpdr:0.6
0.860  0.928  0.869  0.872  0.907  0.815  0.869  0.842  0.910  0.895  

train_epoch:3000   lr:0.01   npt:2  cpdr:0.3
0.919  0.872  0.857  0.815  0.895  0.937  0.931  0.848  0.934  0.875  

train_epoch:4000   lr:0.01   npt:2  cpdr:0.3
0.901  0.904  0.857  0.863  0.916  0.901  0.889  0.928  0.845  0.910  

train_epoch:5000   lr:0.01   npt:2  cpdr:0.3
0.919  0.898  0.851  0.845  0.898  0.934  0.875  0.886  0.848  0.880  

train_epoch:3000   lr:0.01   npt:2  cpdr:0.6
0.875  0.863  0.872  0.922  0.821  0.872  0.880  0.880  0.857  0.892  

train_epoch:4000   lr:0.01   npt:2  cpdr:0.6
0.866  0.877  0.877  0.889  0.857  0.892  0.907  0.848  0.946  0.818  

train_epoch:5000   lr:0.01   npt:2  cpdr:0.6
0.913  0.866  0.889  0.877  0.913  0.877  0.913  0.913  0.877  0.848  

train_epoch:3000   lr:0.01   npt:3  cpdr:0.3
0.863  0.925  0.866  0.910  0.913  0.854  0.883  0.910  0.872  0.877  

train_epoch:4000   lr:0.01   npt:3  cpdr:0.3
0.848  0.836  0.869  0.907  0.937  0.877  0.860  0.901  0.904  0.845  

train_epoch:5000   lr:0.01   npt:3  cpdr:0.3
0.833  0.904  0.875  0.872  0.904  0.889  0.907  0.872  0.866  0.880  

train_epoch:3000   lr:0.01   npt:3  cpdr:0.6
0.875  0.904  0.815  0.910  0.842  0.860  0.949  0.788  0.869  0.836  

train_epoch:4000   lr:0.01   npt:3  cpdr:0.6
0.863  0.889  0.928  0.937  0.872  0.883  0.851  0.940  0.842  0.886  

train_epoch:5000   lr:0.01   npt:3  cpdr:0.6
0.910  0.877  0.845  0.877  0.860  0.851  0.863  0.860  0.919  0.812  

