train_epoch:1200   lr:0.01   npt:1  cpdr:0.1
0.875  0.907  0.877  0.895  0.863  0.880  0.928  0.898  0.910  0.824  

train_epoch:1100   lr:0.01   npt:1  cpdr:0.3
0.898  0.848  0.883  0.869  0.875  0.872  0.895  0.904  0.877  0.875  

train_epoch:1000   lr:0.01   npt:1  cpdr:0.3
0.836  0.869  0.866  0.854  0.848  0.880  0.895  0.952  0.889  0.913  

train_epoch:1200   lr:0.01   npt:1  cpdr:0.3
0.875  0.875  0.916  0.901  0.922  0.922  0.919  0.913  0.824  0.869  

train_epoch:1000   lr:0.01   npt:1  cpdr:0.6
0.877  0.919  0.922  0.913  0.889  0.833  0.910  0.869  0.883  0.869  

train_epoch:1200   lr:0.01   npt:1  cpdr:0.6
0.898  0.904  0.794  0.880  0.875  0.883  0.869  0.913  0.860  0.907  

train_epoch:1100   lr:0.01   npt:1  cpdr:0.6
0.830  0.877  0.827  0.895  0.931  0.937  0.860  0.866  0.875  0.889  

train_epoch:1100   lr:0.01   npt:2  cpdr:0.3
0.916  0.857  0.863  0.857  0.925  0.854  0.863  0.892  0.877  0.883  

train_epoch:1000   lr:0.01   npt:2  cpdr:0.3
0.886  0.824  0.886  0.839  0.898  0.898  0.883  0.851  0.839  0.845  

train_epoch:1200   lr:0.01   npt:2  cpdr:0.3
0.851  0.869  0.925  0.928  0.913  0.898  0.922  0.883  0.860  0.830  

train_epoch:1000   lr:0.01   npt:2  cpdr:0.6
0.824  0.877  0.916  0.904  0.895  0.913  0.889  0.886  0.839  0.851  

train_epoch:1200   lr:0.01   npt:2  cpdr:0.6
0.827  0.872  0.880  0.880  0.848  0.860  0.877  0.848  0.898  0.857  

train_epoch:1100   lr:0.01   npt:2  cpdr:0.6
0.863  0.824  0.898  0.889  0.875  0.872  0.854  0.815  0.836  0.845  

train_epoch:1200   lr:0.01   npt:3  cpdr:0.3
0.877  0.845  0.910  0.845  0.895  0.895  0.904  0.898  0.907  0.889  

train_epoch:1000   lr:0.01   npt:3  cpdr:0.3
0.910  0.880  0.886  0.875  0.913  0.907  0.898  0.833  0.895  0.875  

train_epoch:1100   lr:0.01   npt:3  cpdr:0.3
0.892  0.919  0.851  0.860  0.889  0.958  0.883  0.866  0.872  0.910  

train_epoch:1100   lr:0.01   npt:3  cpdr:0.6
0.880  0.872  0.842  0.845  0.875  0.922  0.857  0.931  0.863  0.898  

train_epoch:1200   lr:0.01   npt:3  cpdr:0.6
0.863  0.803  0.866  0.848  0.910  0.842  0.883  0.883  0.910  0.907  

train_epoch:1000   lr:0.01   npt:3  cpdr:0.6
0.872  0.877  0.857  0.889  0.872  0.875  0.880  0.904  0.851  0.836  

