train_epoch:3000   lr:0.01   npt:1  cpdr:0.3
0.898  0.872  0.854  0.886  0.877  0.889  0.848  0.934  0.910  0.863  

train_epoch:4000   lr:0.01   npt:1  cpdr:0.3
0.886  0.910  0.842  0.916  0.857  0.910  0.928  0.892  0.889  0.875  

train_epoch:5000   lr:0.01   npt:1  cpdr:0.3
0.875  0.937  0.875  0.904  0.854  0.872  0.925  0.898  0.880  0.901  

train_epoch:3000   lr:0.01   npt:1  cpdr:0.6
0.839  0.869  0.925  0.925  0.869  0.898  0.875  0.901  0.833  0.925  

train_epoch:4000   lr:0.01   npt:1  cpdr:0.6
0.901  0.869  0.886  0.895  0.851  0.913  0.907  0.869  0.880  0.785  

train_epoch:5000   lr:0.01   npt:1  cpdr:0.6
0.925  0.937  0.875  0.827  0.892  0.892  0.886  0.916  0.886  0.952  

train_epoch:3000   lr:0.01   npt:2  cpdr:0.3
0.854  0.883  0.818  0.943  0.803  0.895  0.892  0.872  0.824  0.946  

train_epoch:4000   lr:0.01   npt:2  cpdr:0.3
0.877  0.821  0.872  0.872  0.886  0.824  0.946  0.916  0.904  0.866  

train_epoch:5000   lr:0.01   npt:2  cpdr:0.3
0.910  0.869  0.883  0.928  0.892  0.836  0.889  0.845  0.895  0.860  

train_epoch:3000   lr:0.01   npt:2  cpdr:0.6
0.872  0.937  0.895  0.928  0.940  0.889  0.827  0.866  0.863  0.877  

train_epoch:4000   lr:0.01   npt:2  cpdr:0.6
0.866  0.842  0.910  0.907  0.892  0.875  0.836  0.877  0.889  0.907  

train_epoch:5000   lr:0.01   npt:2  cpdr:0.6
0.910  0.937  0.937  0.860  0.877  0.892  0.883  0.869  0.875  0.913  

train_epoch:3000   lr:0.01   npt:3  cpdr:0.3
0.925  0.830  0.845  0.833  0.875  0.812  0.860  0.952  0.872  0.818  

train_epoch:4000   lr:0.01   npt:3  cpdr:0.3
0.904  0.898  0.872  0.901  0.919  0.934  0.895  0.916  0.886  0.913  

train_epoch:5000   lr:0.01   npt:3  cpdr:0.3
0.895  0.895  0.904  0.839  0.854  0.880  0.830  0.833  0.892  0.869  

train_epoch:3000   lr:0.01   npt:3  cpdr:0.6
0.877  0.845  0.889  0.892  0.851  0.815  0.913  0.907  0.845  0.880  

train_epoch:4000   lr:0.01   npt:3  cpdr:0.6
0.854  0.869  0.877  0.892  0.889  0.854  0.830  0.880  0.916  0.883  

train_epoch:5000   lr:0.01   npt:3  cpdr:0.6
0.839  0.904  0.877  0.919  0.863  0.889  0.922  0.907  0.880  0.877  

