train_epoch:1000,1100,1200   lr:0.01  一层   npt:1  cpdr:0.3
0.928  0.949  0.877  0.913  0.889  0.866  0.86   0.863  0.886  0.88        0.8911
0.934  0.845  0.895  0.898  0.782  0.848  0.851  0.869  0.88   0.961       0.8763
0.907  0.922  0.88   0.913  0.925  0.845  0.952  0.916  0.88   0.934       0.9074

train_epoch:1000,1100,1200   lr:0.01  一层   npt:1  cpdr:0.5
0.851  0.931  0.913  0.889  0.898  0.842  0.883  0.866  0.907  0.963       0.8943
0.904  0.922  0.913  0.919  0.892  0.857  0.892  0.869  0.877  0.88        0.8925000000000001
0.875  0.901  0.883  0.925  0.955  0.916  0.857  0.866  0.886  0.857       0.8920999999999999

train_epoch:1000,1100,1200   lr:0.01  一层   npt:1  cpdr:0.7
0.785  0.937  0.937  0.889  0.863  0.872  0.842  0.913  0.904  0.952       0.8893999999999999
0.898  0.866  0.91   0.895  0.895  0.851  0.839  0.916  0.83   0.821       0.8721
0.869  0.901  0.848  0.854  0.815  0.925  0.895  0.916  0.904  0.907       0.8834

train_epoch:1000,1100,1200   lr:0.01  一层   npt:2  cpdr:0.3
0.88   0.866  0.892  0.86   0.951  0.857  0.892  0.848  0.898  0.86        0.8804000000000001
0.952  0.875  0.892  0.898  0.907  0.895  0.889  0.919  0.886  0.88        0.8993
0.886  0.815  0.889  0.833  0.863  0.872  0.877  0.901  0.889  0.869       0.8694

train_epoch:1000,1100,1200   lr:0.01  一层   npt:2  cpdr:0.5
0.875  0.875  0.86   0.866  0.922  0.901  0.907  0.854  0.872  0.904       0.8836
0.848  0.875  0.883  0.86   0.925  0.883  0.904  0.886  0.863  0.872       0.8798999999999999
0.866  0.809  0.836  0.898  0.818  0.895  0.851  0.928  0.845  0.886       0.8632

train_epoch:1000,1100,1200   lr:0.01  一层   npt:2  cpdr:0.7
0.877  0.869  0.922  0.845  0.919  0.845  0.8    0.892  0.91   0.88        0.8759
0.883  0.86   0.892  0.925  0.877  0.898  0.875  0.925  0.809  0.901       0.8844999999999998
0.866  0.869  0.836  0.895  0.869  0.904  0.883  0.845  0.94   0.8         0.8707

train_epoch:1000,1100,1200   lr:0.01  一层   npt:3  cpdr:0.3
0.883  0.866  0.866  0.836  0.86   0.848  0.892  0.88   0.877  0.839       0.8647
0.836  0.904  0.91   0.886  0.86   0.892  0.875  0.91   0.889  0.857       0.8819000000000001
0.857  0.919  0.91   0.866  0.922  0.907  0.857  0.904  0.863  0.875       0.8880000000000001

train_epoch:1000,1100,1200   lr:0.01  一层   npt:3  cpdr:0.5
0.872  0.818  0.916  0.934  0.877  0.913  0.898  0.869  0.88   0.833       0.8809999999999999
0.872  0.866  0.842  0.842  0.782  0.869  0.845  0.86   0.872  0.83        0.8480000000000001
0.833  0.892  0.886  0.883  0.821  0.86   0.872  0.883  0.866  0.866       0.8662000000000001

train_epoch:1000,1100,1200   lr:0.01  一层   npt:3  cpdr:0.7
0.833  0.916  0.928  0.883  0.833  0.827  0.854  0.892  0.866  0.886       0.8718
0.895  0.86   0.875  0.889  0.88   0.904  0.898  0.886  0.821  0.922       0.883
0.937  0.934  0.94   0.904  0.889  0.845  0.895  0.866  0.842  0.919       0.8971


















