train_epoch:3000   lr:0.01   npt:1  cpdr:0.3
0.822  0.797  0.877  0.8  0.819  0.844  0.852  0.888  0.811  0.872  

train_epoch:4000   lr:0.01   npt:1  cpdr:0.3
0.85  0.855  0.880  0.872  0.913  0.833  0.786  0.825  0.897  0.9  

train_epoch:5000   lr:0.01   npt:1  cpdr:0.3
0.875  0.775  0.788  0.769  0.791  0.838  0.763  0.891  0.766  0.8  

train_epoch:3000   lr:0.01   npt:1  cpdr:0.6
0.825  0.808  0.844  0.861  0.869  0.788  0.816  0.883  0.827  0.741  

train_epoch:4000   lr:0.01   npt:1  cpdr:0.6
0.808  0.766  0.836  0.808  0.794  0.783  0.841  0.808  0.744  0.836  

train_epoch:5000   lr:0.01   npt:1  cpdr:0.6
0.836  0.797  0.847  0.827  0.844  0.813  0.85  0.822  0.855  0.788  

train_epoch:3000   lr:0.01   npt:2  cpdr:0.3
0.886  0.855  0.808  0.9  0.802  0.847  0.85  0.905  0.813  0.822  

train_epoch:4000   lr:0.01   npt:2  cpdr:0.3
0.825  0.872  0.847  0.852  0.780  0.819  0.85  0.844  0.869  0.875  

train_epoch:5000   lr:0.01   npt:2  cpdr:0.3
0.863  0.852  0.813  0.847  0.830  0.855  0.855  0.811  0.8  0.808  

train_epoch:3000   lr:0.01   npt:2  cpdr:0.6
0.855  0.772  0.827  0.747  0.755  0.775  0.775  0.802  0.775  0.783  

train_epoch:4000   lr:0.01   npt:2  cpdr:0.6
0.783  0.794  0.819  0.763  0.780  0.836  0.811  0.777  0.761  0.8  

train_epoch:5000   lr:0.01   npt:2  cpdr:0.6
0.772  0.747  0.747  0.711  0.752  0.819  0.819  0.811  0.747  0.747  

train_epoch:3000   lr:0.01   npt:3  cpdr:0.3
0.841  0.825  0.813  0.888  0.863  0.85  0.880  0.830  0.777  0.85  

train_epoch:4000   lr:0.01   npt:3  cpdr:0.3
0.833  0.761  0.813  0.838  0.825  0.802  0.880  0.811  0.886  0.819  

train_epoch:5000   lr:0.01   npt:3  cpdr:0.3
0.794  0.825  0.811  0.863  0.794  0.802  0.788  0.880  0.780  0.838  

train_epoch:3000   lr:0.01   npt:3  cpdr:0.6
0.769  0.777  0.772  0.772  0.736  0.802  0.75  0.813  0.747  0.727  

train_epoch:4000   lr:0.01   npt:3  cpdr:0.6
0.788  0.730  0.752  0.727  0.730  0.702  0.716  0.702  0.733  0.744  

train_epoch:5000   lr:0.01   npt:3  cpdr:0.6
0.758  0.738  0.758  0.736  0.725  0.741  0.772  0.736  0.716  0.711  

