train_epoch:3000   lr:0.01   npt:1  cpdr:0.3
0.95  0.925  0.958  0.933  0.933  0.930  0.938  0.947  0.925  0.930  

train_epoch:5000   lr:0.01   npt:1  cpdr:0.3
0.944  0.933  0.936  0.925  0.913  0.911  0.902  0.891  0.930  0.897  

train_epoch:4000   lr:0.01   npt:1  cpdr:0.3
0.916  0.927  0.908  0.947  0.916  0.952  0.947  0.938  0.919  0.911  

train_epoch:3000   lr:0.01   npt:1  cpdr:0.6
0.855  0.85  0.897  0.888  0.922  0.855  0.844  0.919  0.872  0.908  

train_epoch:4000   lr:0.01   npt:1  cpdr:0.6
0.891  0.877  0.911  0.9  0.919  0.908  0.919  0.875  0.888  0.911  

train_epoch:5000   lr:0.01   npt:1  cpdr:0.6
0.938  0.933  0.919  0.9  0.933  0.911  0.911  0.922  0.902  0.927  

train_epoch:4000   lr:0.01   npt:2  cpdr:0.3
0.905  0.938  0.908  0.922  0.925  0.930  0.938  0.913  0.905  0.916  

train_epoch:3000   lr:0.01   npt:2  cpdr:0.3
0.902  0.919  0.908  0.916  0.938  0.927  0.952  0.905  0.936  0.908  

train_epoch:5000   lr:0.01   npt:2  cpdr:0.3
0.902  0.891  0.902  0.913  0.933  0.944  0.930  0.927  0.925  0.919  

train_epoch:3000   lr:0.01   npt:2  cpdr:0.6
0.883  0.927  0.863  0.877  0.877  0.908  0.883  0.833  0.863  0.897  

train_epoch:4000   lr:0.01   npt:2  cpdr:0.6
0.838  0.897  0.844  0.894  0.866  0.863  0.905  0.922  0.883  0.844  

train_epoch:5000   lr:0.01   npt:2  cpdr:0.6
0.919  0.927  0.913  0.852  0.922  0.902  0.927  0.927  0.866  0.886  

train_epoch:4000   lr:0.01   npt:3  cpdr:0.3
0.852  0.897  0.955  0.930  0.886  0.902  0.908  0.886  0.925  0.905  

train_epoch:3000   lr:0.01   npt:3  cpdr:0.3
0.877  0.872  0.861  0.905  0.925  0.888  0.852  0.861  0.866  0.897  

train_epoch:5000   lr:0.01   npt:3  cpdr:0.3
0.925  0.897  0.902  0.913  0.908  0.925  0.886  0.944  0.919  0.911  

train_epoch:3000   lr:0.01   npt:3  cpdr:0.6
0.913  0.852  0.883  0.891  0.869  0.816  0.855  0.863  0.872  0.855  

train_epoch:4000   lr:0.01   npt:3  cpdr:0.6
0.85  0.852  0.833  0.875  0.913  0.827  0.863  0.863  0.841  0.911  

train_epoch:5000   lr:0.01   npt:3  cpdr:0.6
0.886  0.819  0.841  0.861  0.897  0.866  0.877  0.9  0.886  0.8  

