train_epoch:3000   lr:0.01   npt:1  cpdr:0.3
0.916  0.813  0.833  0.808  0.838  0.816  0.755  0.819  0.847  0.841  

train_epoch:4000   lr:0.01   npt:1  cpdr:0.3
0.805  0.872  0.830  0.777  0.819  0.836  0.825  0.85  0.858  0.872  

train_epoch:5000   lr:0.01   npt:1  cpdr:0.3
0.861  0.877  0.855  0.880  0.861  0.813  0.858  0.858  0.852  0.794  

train_epoch:3000   lr:0.01   npt:1  cpdr:0.6
0.783  0.813  0.713  0.791  0.761  0.738  0.780  0.722  0.777  0.741  

train_epoch:4000   lr:0.01   npt:1  cpdr:0.6
0.777  0.752  0.786  0.811  0.752  0.775  0.738  0.802  0.780  0.816  

train_epoch:5000   lr:0.01   npt:1  cpdr:0.6
0.802  0.802  0.75  0.783  0.802  0.783  0.775  0.744  0.75  0.772  

train_epoch:3000   lr:0.01   npt:2  cpdr:0.3
0.816  0.836  0.841  0.875  0.808  0.813  0.858  0.819  0.866  0.827  

train_epoch:4000   lr:0.01   npt:2  cpdr:0.3
0.816  0.844  0.813  0.866  0.727  0.819  0.830  0.894  0.811  0.816  

train_epoch:5000   lr:0.01   npt:2  cpdr:0.3
0.772  0.833  0.838  0.880  0.8  0.825  0.85  0.797  0.813  0.833  

train_epoch:3000   lr:0.01   npt:2  cpdr:0.6
0.694  0.627  0.708  0.797  0.805  0.677  0.713  0.666  0.766  0.666  

train_epoch:5000   lr:0.01   npt:2  cpdr:0.6
0.691  0.711  0.702  0.755  0.772  0.744  0.680  0.65  0.686  0.722  

train_epoch:4000   lr:0.01   npt:2  cpdr:0.6
0.761  0.713  0.722  0.788  0.736  0.672  0.719  0.644  0.730  0.722  

train_epoch:3000   lr:0.01   npt:3  cpdr:0.3
0.813  0.861  0.819  0.797  0.783  0.822  0.805  0.8  0.794  0.847  

train_epoch:4000   lr:0.01   npt:3  cpdr:0.3
0.805  0.869  0.808  0.813  0.830  0.872  0.858  0.838  0.791  0.872  

train_epoch:5000   lr:0.01   npt:3  cpdr:0.3
0.802  0.827  0.866  0.822  0.825  0.847  0.783  0.813  0.827  0.808  

train_epoch:3000   lr:0.01   npt:3  cpdr:0.6
0.677  0.716  0.736  0.666  0.711  0.758  0.680  0.666  0.752  0.663  

train_epoch:4000   lr:0.01   npt:3  cpdr:0.6
0.786  0.733  0.730  0.683  0.761  0.730  0.769  0.763  0.708  0.636  

