train_epoch:1400,1600,2000   lr:0.01  一层   npt:1  cpdr:0.3
0.894  0.933  0.841  0.894  0.927  0.708  0.883  0.933  0.894  0.736
0.883  0.763  0.888  0.894  0.886  0.919  0.877  0.886  0.869  0.713
0.727  0.877  0.547  0.747  0.852  0.533  0.925  0.699  0.702  0.913

train_epoch:1400,1600,2000   lr:0.01  一层   npt:1  cpdr:0.5
0.844  0.897  0.863  0.886  0.716  0.863  0.716  0.894  0.933  0.872
0.836  0.766  0.916  0.849  0.900  0.888  0.863  0.702  0.813  0.830
0.866  0.883  0.894  0.902  0.891  0.844  0.708  0.813  0.683  0.936

train_epoch:1200,1400,1600   lr:0.01  一层   npt:1  cpdr:0.7
0.852  0.855  0.824  0.897  0.816  0.844  0.777  0.813  0.844  0.733
0.866  0.866  0.863  0.75   0.925  0.869  0.841  0.913  0.866  0.886
0.855  0.872  0.841  0.713  0.905  0.880  0.838  0.827  0.530  0.830

train_epoch:1200,1400,1600   lr:0.01  一层   npt:2  cpdr:0.3
0.894  0.872  0.925  0.883  0.716  0.869  0.861  0.877  0.872  0.858
0.869  0.877  0.880  0.984  0.833  0.847  0.872  0.838  0.888  0.877
0.705  0.672  0.686  0.691  0.861  0.538  0.775  0.833  0.830  0.858

train_epoch:1200,1400,1600   lr:0.01  一层   npt:2  cpdr:0.5
0.844  0.813  0.866  0.824  0.822  0.905  0.844  0.830  0.813  0.833
0.911  0.852  0.888  0.844  0.897  0.844  0.908  0.891  0.822  0.863
0.711  0.908  0.849  0.797  0.858  0.844  0.886  0.911  0.724  0.672

train_epoch:1200,1400,1600   lr:0.01  一层   npt:2  cpdr:0.7
0.838  0.808  0.836  0.838  0.822  0.852  0.722  0.836  0.808  0.811
0.833  0.802  0.794  0.880  0.858  0.811  0.697  0.858  0.830  0.852
0.858  0.794  0.849  0.880  0.891  0.797  0.844  0.666  0.849  0.844

train_epoch:1200,1400,1600   lr:0.01  一层   npt:3  cpdr:0.3
0.927  0.808  0.861  0.855  0.919  0.947  0.830  0.836  0.897  0.875
0.902  0.805  0.888  0.852  0.808  0.872  0.922  0.852  0.855  0.844
0.847  0.900  0.863  0.730  0.724  0.888  0.699  0.705  0.883  0.869

train_epoch:1200,1400,1600   lr:0.01  一层   npt:3  cpdr:0.5
0.905  0.819  0.872  0.872  0.827  0.888  0.736  0.875  0.875  0.855
0.858  0.833  0.872  0.852  0.819  0.847  0.858  0.780  0.697  0.827
0.683  0.847  0.808  0.722  0.880  0.880  0.897  0.883  0.880  0.724

train_epoch:1200,1400,1600   lr:0.01  一层   npt:3  cpdr:0.7
0.791  0.872  0.836  0.791  0.811  0.863  0.811  0.863  0.802  0.841
0.833  0.786  0.663  0.816  0.680  0.772  0.677  0.800  0.808  0.841
0.847  0.847  0.800  0.794  0.855  0.769  0.863  0.616  0.849  0.847


