train_epoch:1500   lr:0.01   npt:1  cpdr:0.6
0.894  0.705  0.658  0.708  0.708  0.905  0.727  0.747  0.866  0.675  

train_epoch:1000   lr:0.01   npt:1  cpdr:0.6
0.841  0.838  0.883  0.897  0.841  0.861  0.808  0.838  0.816  0.808

train_epoch:1100   lr:0.01   npt:2  cpdr:0.6
0.808  0.886  0.886  0.875  0.908  0.863  0.686  0.858  0.902  0.827  

train_epoch:1000   lr:0.01   npt:2  cpdr:0.6
0.836  0.816  0.894  0.65  0.844  0.786  0.713  0.844  0.844  0.85  

train_epoch:1200   lr:0.01   npt:2  cpdr:0.6
0.861  0.716  0.888  0.861  0.883  0.797  0.844  0.713  0.672  0.822  

train_epoch:1000   lr:0.01   npt:3  cpdr:0.6
0.836  0.825  0.841  0.816  0.802  0.847  0.719  0.552  0.855  0.733  

train_epoch:1100   lr:0.01   npt:3  cpdr:0.6
0.825  0.769  0.816  0.65  0.866  0.680  0.811  0.725  0.825  0.833  

train_epoch:1200   lr:0.01   npt:3  cpdr:0.6
0.658  0.841  0.747  0.861  0.844  0.858  0.777  0.888  0.811  0.813  

train_epoch:1000   lr:0.01   npt:3  cpdr:0.6
0.838  0.844  0.836  0.841  0.847  0.872  0.822  0.847  0.847  0.797  

train_epoch:1100   lr:0.01   npt:3  cpdr:0.6
0.841  0.861  0.827  0.669  0.797  0.758  0.758  0.841  0.811  0.827  

