train_epoch:8000,9000,10000   lr:0.01  一层   npt:1  cpdr:0.3
0.271  0.279  0.274  0.271  0.253  0.266  0.275  0.273  0.286  0.273
0.257  0.266  0.273  0.285  0.273  0.283  0.267  0.277  0.282  0.26
0.258  0.266  0.255  0.264  0.28   0.257  0.3    0.265  0.271  0.275

train_epoch:8000,9000,10000   lr:0.01  一层   npt:1  cpdr:0.5
0.259  0.263  0.242  0.262  0.25   0.278  0.271  0.254  0.265  0.265
0.272  0.259  0.266  0.29   0.273  0.262  0.28   0.244  0.265  0.26
0.266  0.264  0.278  0.27   0.28   0.258  0.259  0.263  0.263  0.26

train_epoch:8000,9000,10000   lr:0.01  一层   npt:1  cpdr:0.7
0.245  0.264  0.273  0.282  0.274  0.259  0.271  0.249  0.269  0.26
0.275  0.263  0.273  0.259  0.276  0.264  0.251  0.254  0.268  0.263
0.262  0.253  0.283  0.28   0.252  0.272  0.283  0.261  0.261  0.256

train_epoch:8000,9000,10000   lr:0.01  一层   npt:2  cpdr:0.3
0.245  0.261  0.247  0.259  0.272  0.273  0.275  0.264  0.25   0.27
0.28   0.252  0.256  0.268  0.256  0.239  0.268  0.276  0.265  0.268
0.279  0.265  0.248  0.289  0.276  0.278  0.244  0.282  0.259  0.258

train_epoch:8000,9000,10000   lr:0.01  一层   npt:2  cpdr:0.5
0.247  0.262  0.273  0.271  0.248  0.27   0.268  0.253  0.274  0.253
0.269  0.233  0.238  0.267  0.258  0.269  0.253  0.245  0.281  0.256
0.253  0.261  0.257  0.256  0.263  0.28   0.251  0.248  0.246  0.252

train_epoch:8000,9000,10000   lr:0.01  一层   npt:2  cpdr:0.7
0.238  0.249  0.261  0.237  0.244  0.237  0.263  0.236  0.243  0.228
0.24   0.262  0.264  0.258  0.269  0.25   0.262  0.248  0.256  0.27
0.243  0.249  0.258  0.249  0.261  0.242  0.26   0.273  0.255  0.255

train_epoch:8000,9000,10000   lr:0.01  一层   npt:3  cpdr:0.3
0.261  0.266  0.271  0.276  0.277  0.262  0.251  0.258  0.26   0.283
0.257  0.259  0.249  0.269  0.248  0.273  0.269  0.272  0.265  0.248
0.251  0.277  0.269  0.263  0.26   0.286  0.277  0.27   0.27   0.275

train_epoch:8000,9000,10000   lr:0.01  一层   npt:3  cpdr:0.5
0.259  0.258  0.273  0.257  0.249  0.249  0.256  0.259  0.267  0.257
0.238  0.252  0.237  0.252  0.243  0.263  0.248  0.263  0.259  0.264
0.261  0.237  0.271  0.26   0.248  0.27   0.254  0.248  0.269  0.253

train_epoch:8000,9000,10000   lr:0.01  一层   npt:3  cpdr:0.7
0.25   0.256  0.242  0.246  0.236  0.234  0.241  0.229  0.241  0.241
0.248  0.238  0.253  0.244  0.231  0.251  0.241  0.236  0.229  0.245
0.237  0.257  0.254  0.237  0.261  0.237  0.235  0.254  0.229  0.251
