train_epoch:3000   lr:0.01   npt:1  cpdr:0.3
0.286  0.254  0.282  0.277  0.291  0.246  0.265  0.276  0.267  0.276  

train_epoch:4000   lr:0.01   npt:1  cpdr:0.3
0.275  0.272  0.253  0.247  0.276  0.284  0.280  0.257  0.268  0.243  

train_epoch:5000   lr:0.01   npt:1  cpdr:0.3
0.283  0.272  0.275  0.287  0.274  0.288  0.261  0.270  0.273  0.275  

train_epoch:3000   lr:0.01   npt:1  cpdr:0.5
0.267  0.277  0.261  0.297  0.264  0.274  0.289  0.265  0.263  0.268  

train_epoch:4000   lr:0.01   npt:1  cpdr:0.5
0.286  0.305  0.273  0.295  0.262  0.257  0.255  0.294  0.279  0.273  

train_epoch:5000   lr:0.01   npt:1  cpdr:0.5
0.291  0.278  0.250  0.273  0.280  0.261  0.297  0.275  0.274  0.282  

train_epoch:3000   lr:0.01   npt:1  cpdr:0.7
0.296  0.274  0.287  0.275  0.242  0.265  0.270  0.290  0.266  0.283  

train_epoch:4000   lr:0.01   npt:1  cpdr:0.7
0.285  0.258  0.286  0.286  0.273  0.260  0.280  0.259  0.286  0.284  

train_epoch:5000   lr:0.01   npt:1  cpdr:0.7
0.254  0.269  0.278  0.260  0.246  0.268  0.253  0.268  0.257  0.265  

train_epoch:3000   lr:0.01   npt:2  cpdr:0.3
0.271  0.283  0.267  0.277  0.264  0.265  0.290  0.287  0.270  0.267  

train_epoch:4000   lr:0.01   npt:2  cpdr:0.3
0.285  0.269  0.296  0.286  0.265  0.292  0.251  0.257  0.253  0.279  

train_epoch:5000   lr:0.01   npt:2  cpdr:0.3
0.264  0.281  0.281  0.273  0.278  0.265  0.284  0.261  0.282  0.269  

train_epoch:3000   lr:0.01   npt:2  cpdr:0.5
0.274  0.288  0.293  0.280  0.237  0.264  0.260  0.261  0.292  0.257  

train_epoch:4000   lr:0.01   npt:2  cpdr:0.5
0.282  0.242  0.250  0.254  0.274  0.260  0.267  0.283  0.262  0.279  

train_epoch:5000   lr:0.01   npt:2  cpdr:0.5
0.271  0.271  0.271  0.263  0.268  0.280  0.271  0.269  0.273  0.273  

train_epoch:3000   lr:0.01   npt:2  cpdr:0.7
0.247  0.264  0.263  0.281  0.240  0.271  0.283  0.271  0.279  0.287  

train_epoch:4000   lr:0.01   npt:2  cpdr:0.7
0.273  0.260  0.228  0.254  0.264  0.270  0.261  0.257  0.267  0.276  

train_epoch:5000   lr:0.01   npt:2  cpdr:0.7
0.283  0.273  0.283  0.251  0.288  0.287  0.271  0.252  0.254  0.274  

train_epoch:3000   lr:0.01   npt:3  cpdr:0.3
0.279  0.261  0.261  0.292  0.264  0.293  0.273  0.266  0.259  0.282  

train_epoch:4000   lr:0.01   npt:3  cpdr:0.3
0.278  0.255  0.281  0.281  0.274  0.260  0.268  0.262  0.276  0.278  

train_epoch:5000   lr:0.01   npt:3  cpdr:0.3
0.247  0.255  0.277  0.279  0.255  0.283  0.254  0.286  0.273  0.281  

train_epoch:3000   lr:0.01   npt:3  cpdr:0.5
0.283  0.277  0.271  0.265  0.278  0.258  0.256  0.255  0.273  0.257  

train_epoch:4000   lr:0.01   npt:3  cpdr:0.5
0.258  0.281  0.261  0.277  0.268  0.252  0.271  0.269  0.278  0.265  

train_epoch:5000   lr:0.01   npt:3  cpdr:0.5
0.263  0.273  0.274  0.256  0.280  0.265  0.284  0.290  0.280  0.283  

train_epoch:3000   lr:0.01   npt:3  cpdr:0.7
0.271  0.269  0.280  0.263  0.256  0.269  0.263  0.267  0.278  0.260  

train_epoch:4000   lr:0.01   npt:3  cpdr:0.7
0.258  0.275  0.272  0.276  0.240  0.266  0.263  0.286  0.259  0.260  

train_epoch:5000   lr:0.01   npt:3  cpdr:0.7
0.263  0.262  0.238  0.267  0.249  0.258  0.278  0.270  0.264  0.263  

train_epoch:3000   lr:0.01   npt:1  cpdr:0.6
0.269  0.269  0.274  0.281  0.300  0.274  0.263  0.279  0.271  0.271  

train_epoch:4000   lr:0.01   npt:1  cpdr:0.6
0.267  0.293  0.287  0.270  0.270  0.293  0.263  0.271  0.280  0.271  

train_epoch:5000   lr:0.01   npt:1  cpdr:0.6
0.268  0.277  0.264  0.279  0.269  0.265  0.278  0.287  0.258  0.273  

train_epoch:3000   lr:0.01   npt:2  cpdr:0.6
0.287  0.273  0.255  0.275  0.272  0.291  0.268  0.272  0.258  0.269  

train_epoch:4000   lr:0.01   npt:2  cpdr:0.6
0.273  0.285  0.279  0.268  0.261  0.256  0.278  0.267  0.256  0.282  

train_epoch:5000   lr:0.01   npt:2  cpdr:0.6
0.255  0.258  0.262  0.287  0.271  0.289  0.258  0.261  0.300  0.275  

train_epoch:3000   lr:0.01   npt:3  cpdr:0.6
0.269  0.264  0.265  0.265  0.261  0.270  0.263  0.258  0.250  0.286  

train_epoch:4000   lr:0.01   npt:3  cpdr:0.6
0.268  0.263  0.269  0.272  0.270  0.262  0.277  0.278  0.255  0.251  

train_epoch:5000   lr:0.01   npt:3  cpdr:0.6
0.274  0.267  0.265  0.280  0.275  0.258  0.275  0.283  0.282  0.248  

