train_epoch:3000   lr:0.01   npt:1  cpdr:0.3
0.267  0.310  0.257  0.278  0.272  0.260  0.256  0.258  0.287  0.278  

train_epoch:4000   lr:0.01   npt:1  cpdr:0.3
0.297  0.299  0.282  0.257  0.272  0.256  0.282  0.262  0.270  0.254  

train_epoch:5000   lr:0.01   npt:1  cpdr:0.3
0.260  0.272  0.283  0.283  0.277  0.260  0.278  0.264  0.291  0.258  

train_epoch:3000   lr:0.01   npt:1  cpdr:0.5
0.268  0.261  0.254  0.262  0.260  0.264  0.270  0.262  0.277  0.258  

train_epoch:4000   lr:0.01   npt:1  cpdr:0.5
0.274  0.271  0.264  0.274  0.275  0.273  0.275  0.272  0.284  0.273  

train_epoch:5000   lr:0.01   npt:1  cpdr:0.5
0.269  0.287  0.271  0.261  0.264  0.244  0.270  0.268  0.284  0.258  

train_epoch:3000   lr:0.01   npt:1  cpdr:0.7
0.267  0.278  0.275  0.261  0.259  0.256  0.268  0.245  0.261  0.271  

train_epoch:4000   lr:0.01   npt:1  cpdr:0.7
0.262  0.276  0.250  0.258  0.275  0.253  0.264  0.242  0.272  0.265  

train_epoch:5000   lr:0.01   npt:1  cpdr:0.7
0.275  0.271  0.270  0.286  0.268  0.262  0.263  0.272  0.271  0.241  

train_epoch:3000   lr:0.01   npt:2  cpdr:0.3
0.266  0.284  0.272  0.258  0.280  0.271  0.268  0.268  0.276  0.258  

train_epoch:4000   lr:0.01   npt:2  cpdr:0.3
0.264  0.264  0.251  0.274  0.287  0.275  0.268  0.252  0.261  0.271  

train_epoch:5000   lr:0.01   npt:2  cpdr:0.3
0.286  0.267  0.268  0.285  0.260  0.282  0.283  0.273  0.258  0.278  

train_epoch:3000   lr:0.01   npt:2  cpdr:0.5
0.271  0.250  0.258  0.271  0.265  0.264  0.260  0.273  0.282  0.272  

train_epoch:4000   lr:0.01   npt:2  cpdr:0.5
0.253  0.268  0.247  0.263  0.244  0.270  0.241  0.266  0.257  0.276  

train_epoch:5000   lr:0.01   npt:2  cpdr:0.5
0.278  0.283  0.259  0.265  0.253  0.271  0.269  0.271  0.257  0.261  

train_epoch:3000   lr:0.01   npt:2  cpdr:0.7
0.258  0.252  0.256  0.264  0.240  0.257  0.254  0.258  0.262  0.284  

train_epoch:4000   lr:0.01   npt:2  cpdr:0.7
0.264  0.269  0.261  0.267  0.261  0.248  0.253  0.254  0.260  0.253  

train_epoch:5000   lr:0.01   npt:2  cpdr:0.7
0.257  0.270  0.267  0.272  0.273  0.257  0.261  0.265  0.254  0.248  

train_epoch:3000   lr:0.01   npt:3  cpdr:0.3
0.232  0.262  0.273  0.265  0.278  0.268  0.274  0.266  0.256  0.266  

train_epoch:4000   lr:0.01   npt:3  cpdr:0.3
0.270  0.282  0.280  0.264  0.265  0.270  0.280  0.280  0.270  0.275  

train_epoch:5000   lr:0.01   npt:3  cpdr:0.3
0.272  0.269  0.231  0.268  0.280  0.282  0.257  0.271  0.258  0.274  

train_epoch:3000   lr:0.01   npt:3  cpdr:0.5
0.247  0.284  0.262  0.261  0.280  0.265  0.266  0.253  0.259  0.248  

train_epoch:4000   lr:0.01   npt:3  cpdr:0.5
0.260  0.259  0.261  0.264  0.270  0.256  0.271  0.275  0.279  0.282  

train_epoch:5000   lr:0.01   npt:3  cpdr:0.5
0.258  0.276  0.262  0.246  0.266  0.269  0.258  0.291  0.263  0.268  

train_epoch:3000   lr:0.01   npt:3  cpdr:0.7
0.248  0.254  0.262  0.236  0.249  0.254  0.240  0.261  0.232  0.264  

train_epoch:4000   lr:0.01   npt:3  cpdr:0.7
0.250  0.259  0.271  0.245  0.254  0.247  0.272  0.258  0.256  0.278  

train_epoch:5000   lr:0.01   npt:3  cpdr:0.7
0.232  0.249  0.245  0.258  0.255  0.267  0.237  0.235  0.246  0.259  


train_epoch:3000   lr:0.01   npt:1  cpdr:0.6
0.279  0.258  0.266  0.263  0.254  0.261  0.279  0.268  0.277  0.269  

train_epoch:4000   lr:0.01   npt:1  cpdr:0.6
0.282  0.277  0.271  0.262  0.267  0.250  0.270  0.261  0.274  0.251  

train_epoch:5000   lr:0.01   npt:1  cpdr:0.6
0.276  0.270  0.281  0.273  0.284  0.245  0.274  0.286  0.275  0.276  

train_epoch:3000   lr:0.01   npt:2  cpdr:0.6
0.245  0.266  0.272  0.244  0.259  0.248  0.265  0.270  0.260  0.260  

train_epoch:4000   lr:0.01   npt:2  cpdr:0.6
0.282  0.250  0.279  0.262  0.276  0.257  0.257  0.263  0.265  0.267  

train_epoch:5000   lr:0.01   npt:2  cpdr:0.6
0.246  0.255  0.250  0.276  0.251  0.264  0.256  0.260  0.257  0.268  

train_epoch:3000   lr:0.01   npt:3  cpdr:0.6
0.284  0.258  0.264  0.264  0.252  0.275  0.261  0.258  0.259  0.236  

train_epoch:4000   lr:0.01   npt:3  cpdr:0.6
0.281  0.273  0.279  0.235  0.266  0.239  0.259  0.264  0.281  0.271  

train_epoch:5000   lr:0.01   npt:3  cpdr:0.6
0.256  0.256  0.284  0.268  0.255  0.282  0.245  0.283  0.260  0.279  

