train_epoch:3000   lr:0.01   npt:1  cpdr:0.3
0.290  0.283  0.295  0.290  0.264  0.277  0.254  0.275  0.267  0.270  

train_epoch:4000   lr:0.01   npt:1  cpdr:0.3
0.283  0.293  0.271  0.280  0.284  0.286  0.270  0.279  0.277  0.301  

train_epoch:5000   lr:0.01   npt:1  cpdr:0.3
0.278  0.276  0.283  0.286  0.288  0.276  0.263  0.259  0.307  0.291  

train_epoch:3000   lr:0.01   npt:1  cpdr:0.5
0.287  0.281  0.293  0.266  0.285  0.293  0.272  0.291  0.275  0.282  

train_epoch:4000   lr:0.01   npt:1  cpdr:0.5
0.269  0.278  0.258  0.282  0.272  0.257  0.271  0.287  0.283  0.284  

train_epoch:5000   lr:0.01   npt:1  cpdr:0.5
0.289  0.282  0.288  0.275  0.282  0.278  0.291  0.273  0.279  0.274  

train_epoch:3000   lr:0.01   npt:1  cpdr:0.7
0.269  0.281  0.269  0.279  0.282  0.277  0.259  0.280  0.280  0.277  

train_epoch:4000   lr:0.01   npt:1  cpdr:0.7
0.286  0.274  0.300  0.272  0.302  0.260  0.281  0.289  0.284  0.273  

train_epoch:5000   lr:0.01   npt:1  cpdr:0.7
0.277  0.258  0.293  0.267  0.275  0.294  0.251  0.275  0.306  0.286  

train_epoch:3000   lr:0.01   npt:2  cpdr:0.3
0.279  0.296  0.293  0.263  0.271  0.283  0.290  0.265  0.265  0.259  

train_epoch:4000   lr:0.01   npt:2  cpdr:0.3
0.281  0.301  0.284  0.273  0.283  0.254  0.281  0.290  0.285  0.287  

train_epoch:5000   lr:0.01   npt:2  cpdr:0.3
0.268  0.284  0.268  0.263  0.303  0.279  0.288  0.258  0.286  0.272  

train_epoch:3000   lr:0.01   npt:2  cpdr:0.5
0.268  0.309  0.296  0.278  0.267  0.287  0.271  0.293  0.279  0.300  

train_epoch:4000   lr:0.01   npt:2  cpdr:0.5
0.293  0.271  0.267  0.284  0.269  0.254  0.281  0.280  0.278  0.281  

train_epoch:5000   lr:0.01   npt:2  cpdr:0.5
0.269  0.268  0.274  0.292  0.282  0.304  0.282  0.276  0.266  0.307  

train_epoch:3000   lr:0.01   npt:2  cpdr:0.7
0.278  0.257  0.276  0.266  0.302  0.275  0.292  0.280  0.286  0.278  

train_epoch:4000   lr:0.01   npt:2  cpdr:0.7
0.280  0.293  0.276  0.277  0.278  0.289  0.259  0.287  0.273  0.276  

train_epoch:5000   lr:0.01   npt:2  cpdr:0.7
0.289  0.303  0.276  0.277  0.288  0.273  0.297  0.278  0.288  0.286  

train_epoch:3000   lr:0.01   npt:3  cpdr:0.3
0.282  0.266  0.272  0.290  0.278  0.284  0.305  0.287  0.280  0.267  

train_epoch:4000   lr:0.01   npt:3  cpdr:0.3
0.272  0.267  0.290  0.308  0.294  0.274  0.281  0.282  0.282  0.270  

train_epoch:5000   lr:0.01   npt:3  cpdr:0.3
0.268  0.268  0.277  0.301  0.277  0.268  0.271  0.278  0.260  0.264  

train_epoch:3000   lr:0.01   npt:3  cpdr:0.5
0.286  0.290  0.279  0.262  0.277  0.268  0.274  0.292  0.276  0.263  

train_epoch:4000   lr:0.01   npt:3  cpdr:0.5
0.283  0.299  0.301  0.297  0.280  0.275  0.269  0.267  0.281  0.284  

train_epoch:5000   lr:0.01   npt:3  cpdr:0.5
0.285  0.288  0.285  0.272  0.277  0.261  0.284  0.251  0.272  0.271  

train_epoch:3000   lr:0.01   npt:3  cpdr:0.7
0.264  0.247  0.261  0.274  0.265  0.284  0.287  0.283  0.264  0.275  

train_epoch:4000   lr:0.01   npt:3  cpdr:0.7
0.267  0.287  0.291  0.287  0.262  0.265  0.277  0.282  0.275  0.270  

train_epoch:5000   lr:0.01   npt:3  cpdr:0.7
0.272  0.263  0.260  0.283  0.291  0.280  0.274  0.296  0.307  0.271  

train_epoch:3000   lr:0.01   npt:1  cpdr:0.6
0.250  0.296  0.267  0.298  0.293  0.282  0.276  0.297  0.278  0.283  

train_epoch:4000   lr:0.01   npt:1  cpdr:0.6
0.273  0.270  0.276  0.265  0.280  0.285  0.275  0.257  0.266  0.280  

train_epoch:5000   lr:0.01   npt:1  cpdr:0.6
0.304  0.280  0.264  0.300  0.294  0.280  0.277  0.303  0.293  0.284  

train_epoch:3000   lr:0.01   npt:2  cpdr:0.6
0.262  0.279  0.269  0.270  0.278  0.280  0.269  0.269  0.289  0.283  

train_epoch:4000   lr:0.01   npt:2  cpdr:0.6
0.275  0.267  0.285  0.271  0.274  0.274  0.282  0.274  0.288  0.274  

train_epoch:5000   lr:0.01   npt:2  cpdr:0.6
0.277  0.298  0.272  0.271  0.283  0.281  0.265  0.275  0.276  0.287  

train_epoch:3000   lr:0.01   npt:3  cpdr:0.6
0.262  0.275  0.277  0.283  0.272  0.286  0.289  0.282  0.252  0.281  

train_epoch:4000   lr:0.01   npt:3  cpdr:0.6
0.280  0.264  0.271  0.268  0.254  0.284  0.288  0.273  0.283  0.271  

train_epoch:5000   lr:0.01   npt:3  cpdr:0.6
0.288  0.303  0.290  0.268  0.284  0.264  0.283  0.257  0.277  0.304  

