train_epoch:1000   lr:0.01   npt:1  cpdr:0.6
0.265  0.274  0.285  0.275  0.265  0.250  0.246  0.226  0.279  0.271  

train_epoch:2000   lr:0.01   npt:1  cpdr:0.6
0.217  0.217  0.237  0.277  0.225  0.213  0.226  0.251  0.274  0.273  

train_epoch:3000   lr:0.01   npt:1  cpdr:0.6
0.239  0.231  0.213  0.113  0.101  0.160  0.119  0.196  0.116  0.102  

train_epoch:1000   lr:0.01   npt:2  cpdr:0.6
0.199  0.220  0.207  0.212  0.247  0.276  0.227  0.273  0.197  0.226  

train_epoch:2000   lr:0.01   npt:2  cpdr:0.6
0.114  0.105  0.100  0.158  0.056  0.163  0.112  0.168  0.111  0.106  

train_epoch:3000   lr:0.01   npt:2  cpdr:0.6
0.170  0.119  0.056  0.181  0.058  0.057  0.115  0.056  0.058  0.107  

train_epoch:1000   lr:0.01   npt:3  cpdr:0.6
0.283  0.273  0.275  0.278  0.273  0.275  0.261  0.259  0.286  0.282  

train_epoch:2000   lr:0.01   npt:3  cpdr:0.6
0.217  0.171  0.102  0.165  0.165  0.231  0.263  0.220  0.108  0.292  

train_epoch:3000   lr:0.01   npt:3  cpdr:0.6
0.291  0.260  0.282  0.282  0.291  0.286  0.268  0.284  0.279  0.257  

train_epoch:1500   lr:0.01   npt:2  cpdr:0.6
0.303  0.207  0.283  0.172  0.213  0.250  0.289  0.292  0.164  0.256  

train_epoch:2500   lr:0.01   npt:2  cpdr:0.6
0.260  0.265  0.265  0.254  0.287  0.264  0.279  0.290  0.284  0.292  

train_epoch:3000   lr:0.01   npt:2  cpdr:0.6
0.109  0.162  0.056  0.055  0.054  0.113  0.057  0.059  0.110  0.057  

train_epoch:2000   lr:0.01   npt:2  cpdr:0.6
0.054  0.113  0.056  0.102  0.100  0.109  0.055  0.054  0.168  0.054  

