train_epoch:8000,9000,10000   lr:0.01  一层   npt:1  cpdr:0.3
0.271  0.279  0.274  0.271  0.253  0.266  0.275  0.273  0.286  0.273             0.272
0.257  0.266  0.273  0.285  0.273  0.283  0.267  0.277  0.282  0.26              0.272
0.258  0.266  0.255  0.264  0.28   0.257  0.3    0.265  0.271  0.275             0.269

train_epoch:8000,9000,10000   lr:0.01  一层   npt:1  cpdr:0.5
0.259  0.263  0.242  0.262  0.25   0.278  0.271  0.254  0.265  0.265             0.26
0.272  0.259  0.266  0.29   0.273  0.262  0.28   0.244  0.265  0.26              0.267
0.266  0.264  0.278  0.27   0.28   0.258  0.259  0.263  0.263  0.26              0.266

train_epoch:8000,9000,10000   lr:0.01  一层   npt:1  cpdr:0.7
0.245  0.264  0.273  0.282  0.274  0.259  0.271  0.249  0.269  0.26              0.264
0.275  0.263  0.273  0.259  0.276  0.264  0.251  0.254  0.268  0.263             0.264
0.262  0.253  0.283  0.28   0.252  0.272  0.283  0.261  0.261  0.256             0.266

train_epoch:8000,9000,10000   lr:0.01  一层   npt:2  cpdr:0.3
0.245  0.261  0.247  0.259  0.272  0.273  0.275  0.264  0.25   0.27              0.261
0.28   0.252  0.256  0.268  0.256  0.239  0.268  0.276  0.265  0.268             0.262
0.279  0.265  0.248  0.289  0.276  0.278  0.244  0.282  0.259  0.258             0.267

train_epoch:8000,9000,10000   lr:0.01  一层   npt:2  cpdr:0.5
0.247  0.262  0.273  0.271  0.248  0.27   0.268  0.253  0.274  0.253             0.261
0.269  0.233  0.238  0.267  0.258  0.269  0.253  0.245  0.281  0.256             0.256
0.253  0.261  0.257  0.256  0.263  0.28   0.251  0.248  0.246  0.252             0.256

train_epoch:8000,9000,10000   lr:0.01  一层   npt:2  cpdr:0.7
0.238  0.249  0.261  0.237  0.244  0.237  0.263  0.236  0.243  0.228             0.243
0.24   0.262  0.264  0.258  0.269  0.25   0.262  0.248  0.256  0.27              0.257
0.243  0.249  0.258  0.249  0.261  0.242  0.26   0.273  0.255  0.255             0.254

train_epoch:8000,9000,10000   lr:0.01  一层   npt:3  cpdr:0.3
0.261  0.266  0.271  0.276  0.277  0.262  0.251  0.258  0.26   0.283             0.266
0.257  0.259  0.249  0.269  0.248  0.273  0.269  0.272  0.265  0.248             0.26
0.251  0.277  0.269  0.263  0.26   0.286  0.277  0.27   0.27   0.275             0.269

train_epoch:8000,9000,10000   lr:0.01  一层   npt:3  cpdr:0.5
0.259  0.258  0.273  0.257  0.249  0.249  0.256  0.259  0.267  0.257             0.258
0.238  0.252  0.237  0.252  0.243  0.263  0.248  0.263  0.259  0.264             0.251
0.261  0.237  0.271  0.26   0.248  0.27   0.254  0.248  0.269  0.253             0.257

train_epoch:8000,9000,10000   lr:0.01  一层   npt:3  cpdr:0.7
0.25   0.256  0.242  0.246  0.236  0.234  0.241  0.229  0.241  0.241             0.241
0.248  0.238  0.253  0.244  0.231  0.251  0.241  0.236  0.229  0.245             0.241
0.237  0.257  0.254  0.237  0.261  0.237  0.235  0.254  0.229  0.251             0.245































new  10次一起

train_epoch:7000,8000,9000,10000   lr:0.01  一层   npt:1  cpdr:0.3
0.267  0.274  0.227  0.300  0.281  0.223  0.281  0.272  0.284  0.272            0.268
0.282  0.297  0.283  0.278  0.222  0.277  0.278  0.286  0.286  0.285            0.277
0.259  0.293  0.262  0.21   0.280  0.279  0.257  0.287  0.28   0.272            0.267
0.169  0.284  0.295  0.229  0.275  0.291  0.205  0.292  0.302  0.264            0.26

train_epoch:7000,8000,9000,10000   lr:0.01  一层   npt:1  cpdr:0.5
0.255  0.253  0.278  0.291  0.292  0.299  0.221  0.255  0.301  0.256            0.27
0.295  0.286  0.291  0.280  0.309  0.286  0.299  0.268  0.274  0.275            0.286
0.229  0.270  0.285  0.222  0.225  0.175  0.292  0.288  0.225  0.272            0.248
0.295  0.169  0.208  0.222  0.229  0.239  0.168  0.160  0.298  0.222            0.221

train_epoch:7000,8000,9000,10000   lr:0.01  一层   npt:1  cpdr:0.7
0.284  0.273  0.290  0.208  0.278  0.275  0.277  0.278  0.270  0.288
0.213  0.286  0.279  0.211  0.232  0.292  0.279  0.175  0.218  0.292            0.247
0.217  0.23   0.217  0.15   0.23   0.161  0.168  0.288  0.164  0.181            0.2
0.162  0.225  0.157  0.285  0.235  0.179  0.119  0.171  0.232  0.208            0.197

train_epoch:7000,8000,9000   lr:0.01  一层   npt:2  cpdr:0.3
0.273  0.283  0.267  0.273  0.288  0.273  0.281  0.285  0.273  0.276
0.265  0.289  0.274  0.288  0.279  0.229  0.281  0.269  0.294  0.288
0.283  0.271  0.264  0.268  0.238  0.276  0.265  0.291  0.277  0.287

train_epoch:7000,8000,9000   lr:0.01  一层   npt:2  cpdr:0.5
0.217  0.165  0.273  0.279  0.280  0.290  0.268  0.298  0.226  0.228
0.224  0.226  0.280  0.282  0.295  0.271  0.268  0.271  0.206  0.235
0.248  0.114  0.109  0.287  0.118  0.170  0.156  0.165  0.286  0.217

train_epoch:7000,8000,9000   lr:0.01  一层   npt:2  cpdr:0.7
0.295  0.241  0.225  0.167  0.225  0.219  0.223  0.238  0.220  0.291
0.277  0.225  0.300  0.183  0.107  0.167  0.176  0.292  0.216  0.226
0.232  0.162  0.170  0.226  0.233  0.165  0.230  0.234  0.271  0.174

train_epoch:7000,8000,9000   lr:0.01  一层   npt:3  cpdr:0.3
0.276  0.223  0.225  0.174  0.281  0.210  0.171  0.275  0.272  0.212             0.231
0.169  0.288  0.233  0.263  0.270  0.275  0.257  0.292  0.218  0.274             0.253
0.218  0.176  0.290  0.230  0.231  0.154  0.285  0.228  0.225  0.253             0.229

train_epoch:7000,2000,3000   lr:0.01  一层   npt:3  cpdr:0.5
0.290  0.301  0.275  0.221  0.275  0.271  0.272  0.230  0.201  0.273
0.254  0.294  0.264  0.285  0.283  0.262  0.255  0.288  0.259  0.270
0.268  0.284  0.286  0.284  0.298  0.274  0.297  0.280  0.268  0.286

train_epoch:5000,4000,3000   lr:0.01  一层   npt:3  cpdr:0.7
0.275  0.238  0.321  0.286  0.274  0.272  0.270  0.262  0.222  0.208
0.273  0.255  0.252  0.294  0.300  0.283  0.292  0.266  0.306  0.276
0.294  0.255  0.273  0.273  0.267  0.208  0.265  0.249  0.262  0.263



CUDA_VISIBLE_DEVICES='' python Network_loss4_1_1.py --train_epoch 8000 --lr 0.01 -npt 1 -cpdr 0.3
单次
train_epoch:8000,9000,10000   lr:0.01  一层   npt:1  cpdr:0.3
0.276  0.279  0.288  0.289  0.296  0.174  0.269  0.286  0.173  0.273
0.259  0.278  0.224  0.284  0.283  0.294  0.223  0.293  0.274  0.296
0.271  0.264  0.272  0.214  0.271  0.238  0.174  0.218  0.233  0.288

train_epoch:8000,9000,10000   lr:0.01  一层   npt:1  cpdr:0.5
0.231  0.271  0.283  0.217  0.279  0.283  0.282  0.245  0.271  0.206
0.221  0.286  0.221  0.280  0.280  0.288  0.234  0.270  0.290  0.300
0.214  0.280  0.225  0.226  0.285  0.160  0.176  0.218  0.216  0.202

train_epoch:3000,4000,5000   lr:0.01  一层   npt:1  cpdr:0.7
0.296  0.301  0.280
0.274  0.276  0.234
0.302  0.270  0.303
