#Network_loss4_1_1
#train_epoch:5000   lr:0.001  一层
#181 183 173 177 163  (181 +183+ 173+ 177+ 163)/4177  0.21
#164 170 193 170 176 
#172 169 185 165 162

Network_loss4_1_1
train_epoch:5000   lr:0.001  一层   npt:1  cpdr:0.5
0.212 0.21 0.21 0.21 0.2 0.192 0.22 0.2 0.216 0.204

train_epoch:6000   lr:0.001  一层   npt:1  cpdr:0.5
0.196 0.199 0.218 0.208 0.226 0.204 0.22 0.209 0.209 0.192

train_epoch:7000   lr:0.001  一层   npt:1  cpdr:0.5
0.21 0.21  0.216 0.24 0.225 0.199 0.211 0.217 0.213 0.198

train_epoch:5000   lr:0.01  一层   npt:1  cpdr:0.5
0.212 0.21 0.21 0.21 0.2 0.192 0.22 0.2 0.216 0.204

train_epoch:6000   lr:0.01  一层   npt:1  cpdr:0.5
0.196 0.199 0.218 0.208 0.226 0.204 0.22 0.209 0.209 0.192

train_epoch:7000   lr:0.01  一层   npt:1  cpdr:0.5
0.22 0.221 0.234 0.234 0.238 0.228 0.253 0.234 0.206 0.23


train_epoch:8000,9000,10000   lr:0.01  一层   npt:1  cpdr:0.5
0.22   0.229  0.235  0.228  0.235  0.222  0.233  0.222  0.227  0.225
0.225  0.239  0.236  0.232  0.212  0.229  0.231  0.237  0.237  0.221
0.254  0.237  0.229  0.243  0.228  0.243  0.257  0.228  0.225  0.229

train_epoch:8000,9000,10000   lr:0.01  一层   npt:1  cpdr:0.3
0.247  0.259  0.243  0.255  0.257  0.239  0.228  0.272  0.23   0.232
0.251  0.22   0.234  0.245  0.228  0.264  0.251  0.259  0.233  0.25
0.24   0.231  0.21   0.236  0.218  0.249  0.26   0.256  0.247  0.246

train_epoch:8000,9000,10000   lr:0.01  一层   npt:1  cpdr:0.7
0.214  0.229  0.242  0.212  0.234  0.218  0.229  0.248  0.249  0.221
0.224  0.229  0.23   0.197  0.219  0.237  0.24   0.205  0.207  0.245
0.226  0.223  0.23   0.231  0.23   0.225  0.23   0.223  0.218  0.222

train_epoch:8000,9000,10000   lr:0.01  一层   npt:2  cpdr:0.3


