train_epoch:7000,8000,9000   lr:0.01  一层   npt:1  cpdr:0.3
0.964  0.96   0.954  0.95   0.961  0.961  0.95   0.953  0.954  0.951
0.948  0.951  0.956  0.961  0.943  0.961  0.956  0.952  0.971  0.948
0.96   0.954  0.959  0.962  0.954  0.957  0.964  0.957  0.951  0.966

train_epoch:7000,8000,9000   lr:0.01  一层   npt:1  cpdr:0.5
0.958  0.966  0.966  0.943  0.968  0.958  0.958  0.942  0.959  0.938
0.973  0.954  0.969  0.956  0.953  0.96   0.96   0.958  0.943  0.948
0.954  0.961  0.954  0.962  0.956  0.946  0.946  0.942  0.954  0.938

train_epoch:7000,8000,9000   lr:0.01  一层   npt:1  cpdr:0.7
0.964  0.949  0.955  0.955  0.95   0.973  0.956  0.953  0.948  0.951
0.924  0.951  0.94   0.964  0.942  0.939  0.964  0.968  0.963  0.948
0.952  0.955  0.946  0.951  0.934  0.96   0.943  0.945  0.96   0.964

train_epoch:7000,8000,9000   lr:0.01  一层   npt:2  cpdr:0.3
0.953  0.958  0.962  0.941  0.965  0.955  0.964  0.942  0.97   0.959
0.961  0.957  0.958  0.964  0.926  0.961  0.959  0.959  0.966  0.95
0.951  0.941  0.962  0.922  0.943  0.968  0.954  0.941  0.955  0.953

train_epoch:7000,8000,9000   lr:0.01  一层   npt:2  cpdr:0.5
0.947  0.962  0.964  0.951  0.954  0.951  0.951  0.958  0.951  0.928
0.961  0.956  0.934  0.955  0.944  0.951  0.949  0.949  0.943  0.946
0.961  0.952  0.958  0.958  0.937  0.946  0.958  0.951  0.938  0.948

train_epoch:7000,8000,9000   lr:0.01  一层   npt:2  cpdr:0.7
0.94   0.926  0.948  0.946  0.947  0.95   0.94   0.929  0.941  0.954
0.942  0.931  0.953  0.946  0.949  0.932  0.935  0.941  0.951  0.926
0.942  0.938  0.959  0.943  0.937  0.937  0.939  0.945  0.968  0.943

train_epoch:7000,8000,9000   lr:0.01  一层   npt:3  cpdr:0.3
0.947  0.956  0.948  0.967  0.959  0.943  0.955  0.943  0.948  0.951
0.963  0.942  0.945  0.948  0.942  0.954  0.945  0.954  0.932  0.933
0.974  0.95   0.95   0.95   0.954  0.945  0.943  0.946  0.951  0.945

train_epoch:7000,8000,9000   lr:0.01  一层   npt:3  cpdr:0.5
0.938  0.943  0.939  0.949  0.947  0.956  0.941  0.946  0.938  0.939
0.942  0.961  0.941  0.93   0.942  0.943  0.935  0.959  0.921  0.958
0.951  0.954  0.935  0.954  0.957  0.953  0.944  0.941  0.955  0.962

train_epoch:7000,8000,9000   lr:0.01  一层   npt:3  cpdr:0.7
0.929  0.949  0.908  0.917  0.919  0.944  0.911  0.924  0.888  0.856
0.931  0.882  0.909  0.918  0.947  0.926  0.887  0.867  0.927  0.941
0.925  0.925  0.932  0.931  0.895  0.873  0.932  0.942  0.927  0.915




10次一起
train_epoch:5000,4000,3000,2000,1000   lr:0.01  一层   npt:1  cpdr:0.3
0.954  0.951  0.793  0.952  0.947  0.791  0.949  0.796  0.786  0.795
0.947  0.793  0.947  0.956  0.943  0.950  0.937  0.934  0.951  0.938
0.948  0.937  0.961  0.954  0.943  0.786  0.945  0.959  0.946  0.949
0.956  0.932  0.933  0.932  0.952  0.945  0.940  0.945  0.783  0.939
0.940  0.937  0.929  0.922  0.900  0.938  0.931  0.915  0.932  0.775

train_epoch:5000,4000,3000   lr:0.01  一层   npt:1  cpdr:0.5
0.960  0.937  0.954  0.944  0.945  0.948  0.958  0.936  0.953  0.954
0.955  0.947  0.796  0.951  0.945  0.929  0.957  0.941  0.958  0.939
0.946  0.941  0.955  0.938  0.953  0.944  0.933  0.946  0.927  0.929

train_epoch:5000,4000,3000   lr:0.01  一层   npt:1  cpdr:0.7
0.958  0.947  0.952  0.925  0.958  0.787  0.794  0.945  0.939  0.951
0.939  0.948  0.936  0.935  0.951  0.791  0.953  0.942  0.945  0.946
0.939  0.935  0.952  0.943  0.943  0.802  0.941  0.954  0.961  0.790

train_epoch:5000,4000,3000   lr:0.01  一层   npt:2  cpdr:0.3
0.936  0.940  0.936  0.774  0.946  0.948  0.941  0.778  0.945  0.950
0.941  0.937  0.939  0.952  0.793  0.937  0.958  0.958  0.949  0.949
0.792  0.938  0.942  0.945  0.952  0.940  0.935  0.947  0.938  0.949

train_epoch:3500,4000,3000   lr:0.01  一层   npt:2  cpdr:0.5
0.951  0.780  0.941  0.939  0.794  0.621  0.945  0.778  0.950  0.954
0.945  0.954  0.787  0.945  0.943  0.951  0.946  0.794  0.936  0.937
0.938  0.956  0.784  0.952  0.954  0.942  0.943  0.951  0.958  0.927

train_epoch:5000,4000,3000,2500,2000   lr:0.01  一层   npt:2  cpdr:0.7
0.950  0.929  0.948  0.946  0.945  0.791  0.941  0.952  0.943  0.775
0.940  0.783  0.943  0.947  0.938  0.938  0.962  0.943  0.957  0.942
0.960  0.796  0.935  0.954  0.949  0.940  0.951  0.936  0.788  0.938
0.947  0.939  0.951  0.950  0.935  0.939  0.947  0.930  0.941  0.791
0.932  0.952  0.958  0.927  0.926  0.942  0.770  0.934  0.938  0.943

train_epoch:5000,4000,3000,2500,2000   lr:0.01  一层   npt:3  cpdr:0.3
0.793  0.783  0.939  0.941  0.954  0.939  0.939  0.945  0.790  0.932
0.962  0.947  0.950  0.941  0.944  0.956  0.958  0.935  0.947  0.954
0.942  0.934  0.934  0.927  0.930  0.937  0.934  0.632  0.948  0.621
0.942  0.935  0.936  0.792  0.781  0.773  0.620  0.951  0.937  0.930
0.932  0.784  0.948  0.939  0.944  0.950  0.946  0.951  0.932  0.937

train_epoch:5000,4000,3000,2500,2000   lr:0.01  一层   npt:3  cpdr:0.5
0.938  0.941  0.790  0.941  0.966  0.782  0.943  0.947  0.937  0.944
0.952  0.784  0.949  0.945  0.945  0.965  0.801  0.958  0.938  0.787
0.947  0.942  0.945  0.782  0.948  0.931  0.947  0.953  0.946  0.953
0.787  0.935  0.947  0.933  0.780  0.953  0.783  0.927  0.949  0.941
0.943  0.768  0.920  0.929  0.919  0.938  0.943  0.938  0.942  0.790

train_epoch:1000,3500,3000,2500,2000   lr:0.01  一层   npt:3  cpdr:0.7
0.925  0.923  0.930  0.916  0.936  0.753  0.773  0.914  0.914  0.925
0.948  0.938  0.938  0.933  0.950  0.953  0.933  0.947  0.943  0.778
0.938  0.931  0.941  0.939  0.924  0.800  0.940  0.948  0.955  0.944
0.915  0.947  0.939  0.767  0.944  0.946  0.946  0.922  0.913  0.773
0.903  0.924  0.936  0.925  0.944  0.929  0.936  0.903  0.767  0.925