train_epoch:1000   lr:0.01   npt:1  cpdr:0.6
0.938  0.941  0.945  0.927  0.928  0.926  0.935  0.922  0.941  0.932  

train_epoch:2000   lr:0.01   npt:1  cpdr:0.6
0.948  0.933  0.942  0.934  0.941  0.940  0.942  0.941  0.938  0.941  

train_epoch:3000   lr:0.01   npt:1  cpdr:0.6
0.951  0.950  0.938  0.955  0.942  0.941  0.925  0.937  0.939  0.783  

train_epoch:1000   lr:0.01   npt:2  cpdr:0.6
0.926  0.921  0.920  0.920  0.760  0.899  0.934  0.933  0.930  0.912  

train_epoch:2000   lr:0.01   npt:2  cpdr:0.6
0.936  0.928  0.942  0.935  0.927  0.923  0.927  0.958  0.769  0.940  

train_epoch:3000   lr:0.01   npt:2  cpdr:0.6
0.957  0.953  0.926  0.935  0.945  0.950  0.939  0.948  0.948  0.942  

train_epoch:1000   lr:0.01   npt:3  cpdr:0.6
0.933  0.919  0.935  0.758  0.912  0.922  0.927  0.927  0.941  0.941  

train_epoch:2000   lr:0.01   npt:3  cpdr:0.6
0.928  0.935  0.933  0.926  0.941  0.937  0.928  0.940  0.937  0.947  

train_epoch:3000   lr:0.01   npt:3  cpdr:0.6
0.942  0.937  0.944  0.958  0.950  0.951  0.793  0.948  0.772  0.945  

