train_epoch:9000   lr:0.01   npt:1  cpdr:0.3
0.960  0.945  0.952  0.963  0.963  0.964  0.965  0.944  0.960  0.954  

train_epoch:8000   lr:0.01   npt:1  cpdr:0.3
0.951  0.966  0.973  0.956  0.964  0.950  0.957  0.957  0.959  0.953  

train_epoch:10000   lr:0.01   npt:1  cpdr:0.3
0.961  0.947  0.954  0.956  0.970  0.970  0.953  0.963  0.954  0.951  

train_epoch:8000   lr:0.01   npt:1  cpdr:0.5
0.965  0.976  0.955  0.971  0.957  0.958  0.967  0.942  0.960  0.951  

train_epoch:9000   lr:0.01   npt:1  cpdr:0.5
0.953  0.945  0.964  0.947  0.954  0.953  0.951  0.954  0.964  0.955  

train_epoch:10000   lr:0.01   npt:1  cpdr:0.5
0.945  0.958  0.951  0.965  0.961  0.959  0.948  0.955  0.973  0.952  

train_epoch:9000   lr:0.01   npt:1  cpdr:0.7
0.961  0.967  0.957  0.950  0.948  0.963  0.958  0.959  0.957  0.952  

train_epoch:8000   lr:0.01   npt:1  cpdr:0.7
0.962  0.957  0.964  0.952  0.945  0.941  0.961  0.953  0.967  0.955  

train_epoch:10000   lr:0.01   npt:1  cpdr:0.7
0.947  0.942  0.948  0.952  0.957  0.954  0.945  0.951  0.970  0.962  

train_epoch:8000   lr:0.01   npt:2  cpdr:0.3
0.959  0.954  0.948  0.954  0.963  0.960  0.954  0.955  0.951  0.957  

train_epoch:10000   lr:0.01   npt:2  cpdr:0.3
0.938  0.941  0.949  0.960  0.949  0.952  0.954  0.941  0.952  0.952  

train_epoch:9000   lr:0.01   npt:2  cpdr:0.3
0.963  0.949  0.953  0.959  0.965  0.959  0.945  0.964  0.954  0.960  

train_epoch:8000   lr:0.01   npt:2  cpdr:0.5
0.958  0.935  0.948  0.964  0.954  0.972  0.956  0.948  0.941  0.966  

train_epoch:9000   lr:0.01   npt:2  cpdr:0.5
0.962  0.960  0.955  0.950  0.960  0.956  0.956  0.962  0.947  0.963  

train_epoch:10000   lr:0.01   npt:2  cpdr:0.5
0.976  0.948  0.968  0.963  0.966  0.954  0.964  0.955  0.954  0.963  

train_epoch:8000   lr:0.01   npt:2  cpdr:0.7
0.958  0.958  0.956  0.967  0.971  0.955  0.951  0.958  0.957  0.950  

train_epoch:9000   lr:0.01   npt:2  cpdr:0.7
0.956  0.954  0.966  0.952  0.963  0.955  0.967  0.955  0.959  0.963  

train_epoch:10000   lr:0.01   npt:2  cpdr:0.7
0.928  0.949  0.946  0.969  0.948  0.961  0.945  0.966  0.946  0.967  

train_epoch:8000   lr:0.01   npt:3  cpdr:0.3
0.974  0.971  0.966  0.946  0.959  0.959  0.939  0.968  0.963  0.941  

train_epoch:9000   lr:0.01   npt:3  cpdr:0.3
0.949  0.963  0.945  0.952  0.952  0.955  0.954  0.951  0.946  0.950  

train_epoch:10000   lr:0.01   npt:3  cpdr:0.3
0.946  0.951  0.944  0.935  0.958  0.948  0.964  0.957  0.951  0.951  

train_epoch:8000   lr:0.01   npt:3  cpdr:0.5
0.941  0.966  0.947  0.955  0.956  0.963  0.948  0.943  0.960  0.964  

train_epoch:10000   lr:0.01   npt:3  cpdr:0.5
0.965  0.956  0.960  0.956  0.955  0.958  0.955  0.967  0.960  0.963  

train_epoch:9000   lr:0.01   npt:3  cpdr:0.5
0.946  0.957  0.948  0.938  0.949  0.959  0.954  0.952  0.944  0.943  

train_epoch:8000   lr:0.01   npt:3  cpdr:0.7
0.958  0.959  0.949  0.949  0.957  0.956  0.949  0.953  0.952  0.965  

train_epoch:9000   lr:0.01   npt:3  cpdr:0.7
0.958  0.938  0.941  0.962  0.944  0.950  0.960  0.954  0.949  0.952  

train_epoch:10000   lr:0.01   npt:3  cpdr:0.7
0.957  0.956  0.945  0.952  0.964  0.961  0.963  0.960  0.953  0.962  

train_epoch:8000   lr:0.01   npt:1  cpdr:0.6
0.946  0.949  0.962  0.955  0.948  0.948  0.951  0.956  0.970  0.938  

train_epoch:9000   lr:0.01   npt:1  cpdr:0.6
0.970  0.960  0.949  0.937  0.956  0.957  0.955  0.952  0.965  0.941  

train_epoch:10000   lr:0.01   npt:1  cpdr:0.6
0.957  0.943  0.959  0.949  0.964  0.956  0.964  0.955  0.954  0.953  

train_epoch:8000   lr:0.01   npt:2  cpdr:0.6
0.947  0.962  0.953  0.949  0.963  0.956  0.963  0.944  0.949  0.936  

train_epoch:9000   lr:0.01   npt:2  cpdr:0.6
0.953  0.961  0.954  0.948  0.955  0.938  0.968  0.952  0.955  0.955  

train_epoch:10000   lr:0.01   npt:2  cpdr:0.6
0.935  0.951  0.964  0.960  0.935  0.945  0.956  0.954  0.945  0.956  

train_epoch:8000   lr:0.01   npt:3  cpdr:0.6
0.955  0.968  0.953  0.961  0.949  0.935  0.958  0.954  0.956  0.945  

train_epoch:10000   lr:0.01   npt:3  cpdr:0.6
0.950  0.968  0.946  0.958  0.964  0.965  0.954  0.965  0.958  0.966  

train_epoch:9000   lr:0.01   npt:3  cpdr:0.6
0.957  0.960  0.946  0.945  0.950  0.947  0.963  0.964  0.954  0.950  

