train_epoch:3000   lr:0.01   npt:1  cpdr:0.3
0.915  0.906  0.909  0.936  0.922  0.919  0.909  0.901  0.909  0.922  

train_epoch:4000   lr:0.01   npt:1  cpdr:0.3
0.907  0.912  0.905  0.922  0.935  0.904  0.917  0.926  0.916  0.938  

train_epoch:5000   lr:0.01   npt:1  cpdr:0.3
0.921  0.922  0.931  0.916  0.906  0.909  0.903  0.914  0.913  0.916  

train_epoch:3000   lr:0.01   npt:1  cpdr:0.5
0.9  0.938  0.899  0.897  0.907  0.900  0.898  0.885  0.894  0.899  

train_epoch:5000   lr:0.01   npt:1  cpdr:0.5
0.896  0.911  0.912  0.909  0.927  0.925  0.906  0.896  0.916  0.900  

train_epoch:4000   lr:0.01   npt:1  cpdr:0.5
0.901  0.897  0.902  0.925  0.926  0.903  0.909  0.920  0.906  0.898  

train_epoch:3000   lr:0.01   npt:1  cpdr:0.7
0.881  0.907  0.885  0.886  0.917  0.903  0.9  0.908  0.901  0.896  

train_epoch:4000   lr:0.01   npt:1  cpdr:0.7
0.881  0.882  0.906  0.906  0.903  0.909  0.893  0.918  0.901  0.919  

train_epoch:5000   lr:0.01   npt:1  cpdr:0.7
0.882  0.871  0.898  0.880  0.895  0.891  0.868  0.902  0.887  0.898  

train_epoch:3000   lr:0.01   npt:2  cpdr:0.3
0.889  0.905  0.927  0.880  0.907  0.894  0.903  0.909  0.929  0.916  

train_epoch:4000   lr:0.01   npt:2  cpdr:0.3
0.907  0.916  0.903  0.9  0.899  0.894  0.930  0.896  0.927  0.912  

train_epoch:5000   lr:0.01   npt:2  cpdr:0.3
0.909  0.916  0.9  0.908  0.919  0.902  0.899  0.919  0.901  0.904  

train_epoch:4000   lr:0.01   npt:2  cpdr:0.5
0.883  0.899  0.919  0.913  0.895  0.880  0.916  0.885  0.892  0.883  

train_epoch:3000   lr:0.01   npt:2  cpdr:0.5
0.887  0.910  0.889  0.883  0.877  0.890  0.896  0.895  0.9  0.868  

train_epoch:5000   lr:0.01   npt:2  cpdr:0.5
0.880  0.886  0.877  0.898  0.874  0.893  0.912  0.889  0.910  0.880  

train_epoch:3000   lr:0.01   npt:2  cpdr:0.7
0.867  0.888  0.862  0.886  0.899  0.886  0.876  0.882  0.883  0.907  

train_epoch:5000   lr:0.01   npt:2  cpdr:0.7
0.897  0.866  0.887  0.902  0.895  0.897  0.906  0.888  0.891  0.876  

train_epoch:4000   lr:0.01   npt:2  cpdr:0.7
0.874  0.879  0.872  0.892  0.896  0.893  0.871  0.921  0.874  0.878  

train_epoch:3000   lr:0.01   npt:3  cpdr:0.3
0.897  0.925  0.892  0.926  0.923  0.912  0.932  0.884  0.889  0.906  

train_epoch:4000   lr:0.01   npt:3  cpdr:0.3
0.922  0.883  0.900  0.888  0.9  0.900  0.903  0.904  0.907  0.905  

train_epoch:5000   lr:0.01   npt:3  cpdr:0.3
0.909  0.925  0.906  0.935  0.887  0.907  0.894  0.890  0.880  0.900  

train_epoch:4000   lr:0.01   npt:3  cpdr:0.5
0.867  0.875  0.894  0.910  0.887  0.886  0.893  0.907  0.877  0.890  

train_epoch:3000   lr:0.01   npt:3  cpdr:0.5
0.874  0.888  0.884  0.876  0.882  0.908  0.888  0.874  0.888  0.884  

train_epoch:5000   lr:0.01   npt:3  cpdr:0.5
0.893  0.874  0.897  0.898  0.899  0.899  0.893  0.906  0.894  0.912  

train_epoch:4000   lr:0.01   npt:3  cpdr:0.7
0.904  0.880  0.887  0.889  0.874  0.889  0.859  0.894  0.867  0.879  

train_epoch:3000   lr:0.01   npt:3  cpdr:0.7
0.879  0.891  0.887  0.896  0.906  0.894  0.894  0.874  0.886  0.864  

train_epoch:5000   lr:0.01   npt:3  cpdr:0.7
0.863  0.873  0.854  0.864  0.850  0.851  0.846  0.860  0.863  0.896  


train_epoch:3000   lr:0.01   npt:1  cpdr:0.6
0.902  0.897  0.905  0.901  0.883  0.868  0.866  0.904  0.883  0.893  

train_epoch:4000   lr:0.01   npt:1  cpdr:0.6
0.891  0.898  0.883  0.911  0.864  0.897  0.896  0.909  0.921  0.903  

train_epoch:5000   lr:0.01   npt:1  cpdr:0.6
0.898  0.909  0.922  0.918  0.917  0.928  0.897  0.910  0.916  0.903  

train_epoch:3000   lr:0.01   npt:2  cpdr:0.6
0.901  0.892  0.891  0.905  0.907  0.863  0.883  0.897  0.880  0.874  

train_epoch:4000   lr:0.01   npt:2  cpdr:0.6
0.919  0.887  0.870  0.864  0.887  0.870  0.895  0.881  0.899  0.896  

train_epoch:5000   lr:0.01   npt:2  cpdr:0.6
0.899  0.885  0.886  0.854  0.891  0.883  0.870  0.858  0.864  0.875  

train_epoch:3000   lr:0.01   npt:3  cpdr:0.6
0.866  0.868  0.882  0.886  0.873  0.889  0.859  0.876  0.878  0.877  

train_epoch:4000   lr:0.01   npt:3  cpdr:0.6
0.903  0.889  0.899  0.893  0.871  0.872  0.905  0.890  0.900  0.880  

train_epoch:5000   lr:0.01   npt:3  cpdr:0.6
0.894  0.891  0.891  0.900  0.890  0.883  0.887  0.877  0.892  0.867  

