train_epoch:9000   lr:0.01   npt:1  cpdr:0.3
0.954  0.963  0.960  0.945  0.955  0.980  0.969  0.966  0.948  0.960  

train_epoch:8000   lr:0.01   npt:1  cpdr:0.3
0.957  0.956  0.952  0.955  0.944  0.964  0.966  0.958  0.952  0.956  

train_epoch:10000   lr:0.01   npt:1  cpdr:0.3
0.969  0.952  0.968  0.974  0.952  0.969  0.973  0.958  0.952  0.963  

train_epoch:9000   lr:0.01   npt:1  cpdr:0.5
0.959  0.963  0.940  0.940  0.962  0.955  0.962  0.954  0.957  0.965  

train_epoch:8000   lr:0.01   npt:1  cpdr:0.5
0.961  0.953  0.963  0.955  0.948  0.967  0.951  0.954  0.958  0.947  

train_epoch:10000   lr:0.01   npt:1  cpdr:0.5
0.954  0.964  0.958  0.962  0.964  0.957  0.960  0.958  0.959  0.966  

train_epoch:8000   lr:0.01   npt:1  cpdr:0.7
0.948  0.966  0.970  0.957  0.959  0.959  0.961  0.959  0.953  0.958  

train_epoch:9000   lr:0.01   npt:1  cpdr:0.7
0.964  0.958  0.963  0.960  0.945  0.964  0.954  0.952  0.966  0.959  

train_epoch:10000   lr:0.01   npt:1  cpdr:0.7
0.976  0.970  0.958  0.963  0.959  0.969  0.959  0.956  0.958  0.956  

train_epoch:8000   lr:0.01   npt:2  cpdr:0.3
0.961  0.954  0.963  0.967  0.954  0.966  0.946  0.979  0.961  0.952  

train_epoch:9000   lr:0.01   npt:2  cpdr:0.3
0.942  0.970  0.956  0.947  0.969  0.947  0.957  0.953  0.971  0.955  

train_epoch:10000   lr:0.01   npt:2  cpdr:0.3
0.955  0.958  0.964  0.952  0.954  0.957  0.949  0.950  0.961  0.953  

train_epoch:9000   lr:0.01   npt:2  cpdr:0.6
0.941  0.963  0.951  0.958  0.961  0.954  0.947  0.956  0.954  0.963  

train_epoch:8000   lr:0.01   npt:2  cpdr:0.6
0.954  0.938  0.953  0.952  0.950  0.945  0.934  0.961  0.959  0.944  

train_epoch:10000   lr:0.01   npt:2  cpdr:0.6
0.962  0.962  0.955  0.961  0.970  0.966  0.962  0.957  0.967  0.962  

train_epoch:9000   lr:0.01   npt:1  cpdr:0.6
0.960  0.964  0.970  0.964  0.950  0.957  0.964  0.957  0.961  0.960  

train_epoch:8000   lr:0.01   npt:1  cpdr:0.6
0.966  0.965  0.948  0.947  0.952  0.966  0.951  0.970  0.950  0.960  

train_epoch:10000   lr:0.01   npt:1  cpdr:0.6
0.963  0.956  0.972  0.961  0.961  0.955  0.964  0.962  0.958  0.956  

train_epoch:8000   lr:0.01   npt:3  cpdr:0.3
0.964  0.956  0.949  0.963  0.957  0.945  0.941  0.953  0.967  0.942  

train_epoch:9000   lr:0.01   npt:3  cpdr:0.3
0.975  0.950  0.951  0.948  0.970  0.959  0.953  0.964  0.981  0.966  

train_epoch:10000   lr:0.01   npt:3  cpdr:0.3
0.965  0.973  0.966  0.958  0.974  0.963  0.958  0.954  0.958  0.955  

train_epoch:8000   lr:0.01   npt:3  cpdr:0.6
0.952  0.945  0.958  0.952  0.954  0.954  0.970  0.951  0.951  0.959  

train_epoch:9000   lr:0.01   npt:3  cpdr:0.6
0.944  0.959  0.953  0.966  0.948  0.960  0.964  0.948  0.963  0.955  

train_epoch:10000   lr:0.01   npt:3  cpdr:0.6
0.951  0.943  0.938  0.954  0.945  0.948  0.961  0.948  0.945  0.951  

