train_epoch:3000   lr:0.01   npt:1  cpdr:0.3
0.791  0.806  0.860  0.807  0.803  0.854  0.852  0.849  0.802  0.817  

train_epoch:4000   lr:0.01   npt:1  cpdr:0.3
0.804  0.849  0.836  0.854  0.820  0.814  0.780  0.812  0.816  0.842  

train_epoch:5000   lr:0.01   npt:1  cpdr:0.3
0.829  0.832  0.813  0.832  0.794  0.834  0.820  0.789  0.809  0.847  

train_epoch:3000   lr:0.01   npt:1  cpdr:0.6
0.832  0.773  0.835  0.801  0.803  0.860  0.823  0.861  0.855  0.843  

train_epoch:4000   lr:0.01   npt:1  cpdr:0.6
0.830  0.866  0.838  0.812  0.822  0.843  0.841  0.803  0.860  0.802  

train_epoch:5000   lr:0.01   npt:1  cpdr:0.6
0.776  0.820  0.803  0.827  0.816  0.796  0.861  0.808  0.854  0.858  

train_epoch:3000   lr:0.01   npt:2  cpdr:0.3
0.835  0.806  0.812  0.802  0.825  0.827  0.780  0.782  0.794  0.781  

train_epoch:4000   lr:0.01   npt:2  cpdr:0.3
0.812  0.855  0.812  0.797  0.829  0.804  0.796  0.843  0.826  0.747  

train_epoch:5000   lr:0.01   npt:2  cpdr:0.3
0.822  0.832  0.839  0.845  0.830  0.810  0.790  0.795  0.854  0.797  

train_epoch:3000   lr:0.01   npt:2  cpdr:0.6
0.822  0.860  0.758  0.801  0.775  0.829  0.767  0.808  0.826  0.796  

train_epoch:4000   lr:0.01   npt:2  cpdr:0.6
0.832  0.771  0.834  0.820  0.839  0.856  0.838  0.832  0.799  0.797  

train_epoch:5000   lr:0.01   npt:2  cpdr:0.6
0.801  0.796  0.846  0.788  0.821  0.833  0.847  0.781  0.774  0.806  

train_epoch:3000   lr:0.01   npt:3  cpdr:0.3
0.826  0.807  0.807  0.820  0.794  0.839  0.830  0.791  0.814  0.788  

train_epoch:4000   lr:0.01   npt:3  cpdr:0.3
0.815  0.843  0.795  0.795  0.848  0.823  0.816  0.781  0.828  0.786  

train_epoch:5000   lr:0.01   npt:3  cpdr:0.3
0.750  0.812  0.768  0.814  0.813  0.834  0.814  0.819  0.858  0.861  

train_epoch:3000   lr:0.01   npt:3  cpdr:0.6
0.780  0.761  0.780  0.783  0.780  0.795  0.773  0.791  0.791  0.796  

train_epoch:4000   lr:0.01   npt:3  cpdr:0.6
0.822  0.828  0.813  0.810  0.825  0.802  0.807  0.802  0.782  0.823  

train_epoch:5000   lr:0.01   npt:3  cpdr:0.6
0.786  0.833  0.794  0.816  0.827  0.859  0.793  0.832  0.799  0.840  

