train_epoch:3000   lr:0.01   npt:1  cpdr:0.3
0.822  0.813  0.819  0.773  0.775  0.751  0.817  0.812  0.723  0.791  

train_epoch:4000   lr:0.01   npt:1  cpdr:0.3
0.829  0.783  0.748  0.795  0.827  0.812  0.813  0.764  0.821  0.807  

train_epoch:5000   lr:0.01   npt:1  cpdr:0.3
0.795  0.789  0.812  0.823  0.763  0.804  0.810  0.781  0.832  0.859  

train_epoch:3000   lr:0.01   npt:1  cpdr:0.6
0.767  0.812  0.762  0.822  0.787  0.823  0.794  0.846  0.830  0.801  

train_epoch:4000   lr:0.01   npt:1  cpdr:0.6
0.787  0.763  0.812  0.825  0.795  0.820  0.781  0.787  0.808  0.803  

train_epoch:5000   lr:0.01   npt:1  cpdr:0.6
0.829  0.768  0.774  0.771  0.846  0.765  0.851  0.814  0.754  0.758  

train_epoch:3000   lr:0.01   npt:2  cpdr:0.3
0.809  0.783  0.762  0.799  0.810  0.812  0.731  0.774  0.747  0.738  

train_epoch:4000   lr:0.01   npt:2  cpdr:0.3
0.825  0.802  0.790  0.802  0.803  0.770  0.794  0.794  0.742  0.802  

train_epoch:5000   lr:0.01   npt:2  cpdr:0.3
0.778  0.763  0.813  0.788  0.809  0.808  0.789  0.809  0.799  0.810  

train_epoch:3000   lr:0.01   npt:2  cpdr:0.6
0.736  0.715  0.813  0.745  0.761  0.771  0.754  0.726  0.800  0.741  

train_epoch:4000   lr:0.01   npt:2  cpdr:0.6
0.770  0.812  0.750  0.793  0.760  0.735  0.791  0.763  0.778  0.730  

train_epoch:5000   lr:0.01   npt:2  cpdr:0.6
0.728  0.761  0.755  0.767  0.747  0.787  0.793  0.754  0.790  0.796  

train_epoch:3000   lr:0.01   npt:3  cpdr:0.3
0.761  0.821  0.790  0.774  0.783  0.816  0.778  0.800  0.787  0.848  

train_epoch:4000   lr:0.01   npt:3  cpdr:0.3
0.791  0.786  0.790  0.804  0.840  0.797  0.808  0.757  0.806  0.762  

train_epoch:5000   lr:0.01   npt:3  cpdr:0.3
0.830  0.773  0.809  0.807  0.790  0.809  0.858  0.843  0.812  0.807  

train_epoch:3000   lr:0.01   npt:3  cpdr:0.6
0.741  0.777  0.754  0.750  0.764  0.771  0.752  0.750  0.771  0.742  

train_epoch:4000   lr:0.01   npt:3  cpdr:0.6
0.783  0.764  0.768  0.789  0.709  0.787  0.748  0.764  0.743  0.732  

train_epoch:5000   lr:0.01   npt:3  cpdr:0.6
0.764  0.763  0.769  0.763  0.765  0.748  0.770  0.764  0.712  0.782  

