train_epoch:3000   lr:0.01   npt:1  cpdr:0.3
0.804  0.836  0.840  0.791  0.846  0.765  0.806  0.784  0.847  0.845  

train_epoch:4000   lr:0.01   npt:1  cpdr:0.3
0.778  0.823  0.823  0.774  0.810  0.807  0.804  0.801  0.828  0.812  

train_epoch:5000   lr:0.01   npt:1  cpdr:0.3
0.799  0.800  0.804  0.821  0.787  0.810  0.796  0.795  0.840  0.768  

train_epoch:3000   lr:0.01   npt:1  cpdr:0.6
0.687  0.775  0.809  0.786  0.804  0.678  0.809  0.803  0.821  0.790  

train_epoch:4000   lr:0.01   npt:1  cpdr:0.6
0.812  0.826  0.825  0.784  0.806  0.761  0.829  0.812  0.800  0.855  

train_epoch:5000   lr:0.01   npt:1  cpdr:0.6
0.829  0.841  0.819  0.856  0.654  0.864  0.839  0.832  0.814  0.765  

train_epoch:3000   lr:0.01   npt:2  cpdr:0.3
0.800  0.764  0.813  0.847  0.803  0.802  0.793  0.799  0.791  0.817  

train_epoch:4000   lr:0.01   npt:2  cpdr:0.3
0.846  0.783  0.815  0.822  0.832  0.851  0.845  0.807  0.836  0.791  

train_epoch:5000   lr:0.01   npt:2  cpdr:0.3
0.711  0.833  0.715  0.849  0.815  0.828  0.796  0.819  0.854  0.691  

train_epoch:3000   lr:0.01   npt:2  cpdr:0.6
0.778  0.787  0.664  0.754  0.801  0.808  0.804  0.783  0.810  0.773  

train_epoch:4000   lr:0.01   npt:2  cpdr:0.6
0.800  0.777  0.841  0.842  0.812  0.800  0.812  0.803  0.784  0.822  

train_epoch:5000   lr:0.01   npt:2  cpdr:0.6
0.819  0.789  0.797  0.803  0.816  0.796  0.810  0.776  0.817  0.799  

train_epoch:3000   lr:0.01   npt:3  cpdr:0.3
0.852  0.677  0.816  0.790  0.848  0.826  0.783  0.799  0.825  0.756  

train_epoch:4000   lr:0.01   npt:3  cpdr:0.3
0.819  0.809  0.854  0.795  0.840  0.826  0.828  0.794  0.852  0.834  

train_epoch:5000   lr:0.01   npt:3  cpdr:0.3
0.825  0.804  0.830  0.781  0.794  0.812  0.786  0.813  0.793  0.821  

train_epoch:3000   lr:0.01   npt:3  cpdr:0.6
0.669  0.783  0.679  0.780  0.770  0.784  0.657  0.702  0.791  0.769  

train_epoch:4000   lr:0.01   npt:3  cpdr:0.6
0.677  0.775  0.685  0.648  0.673  0.651  0.803  0.677  0.708  0.443  

train_epoch:5000   lr:0.01   npt:3  cpdr:0.6
0.808  0.815  0.678  0.666  0.667  0.666  0.734  0.703  0.839  0.625  

