train_epoch:3000   lr:0.01   npt:1  cpdr:0.3
0.840  0.835  0.843  0.855  0.799  0.815  0.827  0.788  0.799  0.799  

train_epoch:4000   lr:0.01   npt:1  cpdr:0.3
0.835  0.864  0.845  0.846  0.836  0.858  0.841  0.826  0.791  0.859  

train_epoch:5000   lr:0.01   npt:1  cpdr:0.3
0.795  0.812  0.860  0.821  0.833  0.829  0.822  0.864  0.819  0.802  

train_epoch:3000   lr:0.01   npt:1  cpdr:0.6
0.807  0.819  0.806  0.791  0.815  0.845  0.787  0.820  0.800  0.802  

train_epoch:4000   lr:0.01   npt:1  cpdr:0.6
0.822  0.777  0.821  0.780  0.838  0.813  0.799  0.834  0.789  0.803  

train_epoch:5000   lr:0.01   npt:1  cpdr:0.6
0.806  0.841  0.812  0.816  0.855  0.815  0.791  0.839  0.846  0.797  

train_epoch:3000   lr:0.01   npt:2  cpdr:0.3
0.817  0.761  0.794  0.783  0.816  0.803  0.839  0.789  0.822  0.814  

train_epoch:4000   lr:0.01   npt:2  cpdr:0.3
0.783  0.848  0.813  0.790  0.795  0.854  0.827  0.839  0.768  0.829  

train_epoch:5000   lr:0.01   npt:2  cpdr:0.3
0.803  0.828  0.822  0.814  0.845  0.815  0.849  0.816  0.752  0.812  

train_epoch:3000   lr:0.01   npt:2  cpdr:0.6
0.826  0.763  0.780  0.754  0.787  0.817  0.778  0.791  0.762  0.800  

train_epoch:4000   lr:0.01   npt:2  cpdr:0.6
0.791  0.800  0.789  0.783  0.757  0.780  0.790  0.776  0.835  0.795  

train_epoch:5000   lr:0.01   npt:2  cpdr:0.6
0.841  0.813  0.744  0.800  0.801  0.828  0.808  0.790  0.806  0.801  

train_epoch:3000   lr:0.01   npt:3  cpdr:0.3
0.846  0.836  0.833  0.812  0.825  0.836  0.762  0.813  0.806  0.835  

train_epoch:4000   lr:0.01   npt:3  cpdr:0.3
0.794  0.790  0.822  0.862  0.812  0.803  0.786  0.819  0.835  0.797  

train_epoch:5000   lr:0.01   npt:3  cpdr:0.3
0.834  0.822  0.815  0.809  0.871  0.827  0.802  0.804  0.799  0.816  

train_epoch:3000   lr:0.01   npt:3  cpdr:0.6
0.794  0.781  0.767  0.750  0.825  0.768  0.778  0.752  0.771  0.769  

train_epoch:4000   lr:0.01   npt:3  cpdr:0.6
0.847  0.721  0.750  0.745  0.738  0.791  0.734  0.735  0.760  0.774  

train_epoch:5000   lr:0.01   npt:3  cpdr:0.6
0.765  0.781  0.799  0.764  0.812  0.773  0.790  0.780  0.797  0.786  

